-6097
-2706
-3316
-4264
9214
1697
-968
8836
-6452
-9471
-1372
-6909
5021
-4919
9563
7742
-4959
2471
7907
9755
8670
-7051
9772
3239
-410
-5295
804
6660
4033
7232
-5022
7701
8937
-397
-8611
8799
-3231
-6968
3422
-614
9379
5980
-4059
-5969
-5187
7376
-3083
-4258
-2903
9031
-4699
6288
-6177
619
2046
-724
3965
9451
-2458
-1981
7041
-8545
-6201
-2799
-8421
720
9073
9767
-806
-6153
-3787
-4307
1582
-1914
994
8838
-7673
1589
-9642
3732
-3728
1103
-6120
7872
5674
-4026
-8961
7202
6793
-2112
2575
8176
347
5517
-6762
-9586
7685
-9564
4705
5962
740
-8102
7583
1528
-1212
-5484
-3912
-3297
7043
3193
-9744
6711
-6297
-2682
9845
3616
-5462
1889
4554
5227
-8108
-6118
8230
-8792
-7298
-3458
6262
-6281
6911
-5433
-6758
-3707
-2548
-561
-9504
-206
-9270
7388
601
-7310
-4357
279
-2926
-3047
3777
-2681
-7194
6805
7807
-597
2943
6277
-673
-8016
-7724
-7476
3995
-3420
-7867
-5761
-4557
-2251
4056
-9716
988
-5815
5034
6439
-6085
-452
7743
9553
1747
-3371
8334
6026
7042
-2212
3223
6231
8058
-678
-2367
4242
2941
8545
3056
4895
9018
1039
-3504
-9803
-4604
-3512
-5946
-1140
1976
-7316
-2179
-3535
9206
-4087
6153
-943
-1915
-6743
461
-2579
-4599
-22
-6525
1088
-5920
-9898
1
-4027
-2590
4377
7722
-5510
1139
7620
-2497
-8758
-2385
-4920
-4410
5435
8306
-6044
-8875
82
-6017
9970
-412
-6688
5219
-5884
-401
9213
-1348
-656
2259
-291
7602
-9017
-3190
1843
7360
-9070
8115
4816
1832
7528
-9337
5587
5194
9130
2780
-2084
9078
8172
-4820
-7229
2201
9854
-7898
-3169
8450
-6324
6539
1394
65
1015
9713
1025
9295
-7307
9721
6239
1048
5378
-1329
2782
8788
6121
-3233
3369
-6770
-5832
3373
4265
-8855
-6723
6386
-752
8568
3786
7551
35
8687
-248
2629
-3390
-9087
7103
-1828
7971
-1260
-5058
-8023
9664
8337
7588
-2713
-9871
-5487
-1745
6995
-1326
5721
8100
3097
1624
7305
-9754
-2249
-2219
-1960
-9051
7454
333
4543
-5762
-3169
-9416
4912
-4030
2695
-7246
8744
3782
7536
6805
7789
6963
-2273
3916
2
-9195
-1227
552
8820
6615
-5815
-3893
-5200
-2503
6746
-4306
1020
-9872
-7009
6661
-4197
9762
5896
2503
-4456
-1354
5898
-4060
1943
7646
-4422
-62
1519
8023
7248
-977
-8011
-36
-767
-2415
3104
9464
5801
-402
-3570
1113
-8185
8340
-723
-8810
5133
-5799
-7521
4171
-433
-5765
9637
1130
7468
-1160
9348
3866
9636
732
-4079
1047
2786
-6350
4155
-3568
4829
-22
-5311
2964
-9799
-7425
-9079
9064
-9052
-8039
-6054
5853
-3033
2940
4027
-8901
-9284
-1172
373
-6962
-3262
1043
8082
7229
-4071
2401
-6062
5241
7727
-4281
4348
2398
4342
-4905
9300
4180
3889
68
1736
1162
5340
-333
5845
-552
-4584
9906
8839
-5680
-8646
2303
2214
3639
4247
6767
-3607
8200
-1872
732
-3551
6774
-9525
4878
3060
-9864
8667
-694
-8538
426
4399
-2340
9533
-3914
9936
-6894
8787
9580
-6547
2777
-4718
3506
4941
-4880
-3065
-6291
1329
4321
1043
7384
22
2003
499
7792
3816
4211
-7003
4377
-3998
7555
-7259
-8562
-1215
-1580
5038
3026
-6785
-994
8944
9346
1948
-8797
7701
9189
-3306
-1268
9126
-3974
-8874
6245
-5561
-5282
-8019
-8260
-1564
-5933
-1388
1173
-6518
-6586
-2233
7263
-1025
6647
-5932
305
-4126
-7989
-1879
-464
3047
-1023
554
-1806
7550
3359
9685
-8129
9872
7875
228
-2591
5378
2728
-4896
-3851
-255
-157
-3545
-1565
-9895
-7995
-3338
2248
-7425
924
-2765
-1327
-87
-5253
5791
-3720
2973
-6702
-3415
-7002
-7519
-7394
-5582
-4840
-5582
-5163
4786
-4928
4034
1545
-8520
-5473
3822
-5493
-8625
2972
9560
7060
3880
6804
-237
-2858
-628
-6138
-7799
-9833
-331
-1715
-7238
-9730
2711
-3772
7931
6534
-7840
2187
-7027
2421
-4003
8941
-6741
1453
477
-7894
-446
2121
-1783
6270
2180
2656
4779
5996
254
5426
-6953
1636
-7350
-1870
6442
-1695
8446
2355
-777
-1750
-3366
5486
-8283
362
-8242
-6046
9138
-9981
3624
-4539
-7211
-3486
-7724
-4984
163
9113
-8022
7106
-3689
-6364
-6995
8372
9936
9810
2693
604
2007
2923
-8930
776
-4179
7493
-5479
-951
6014
-4381
4186
1585
-9944
-8564
8530
2950
-5582
5825
-3782
-8007
449
7593
9437
5472
-2351
-1619
-9548
-9426
1336
2984
-5542
7382
7025
9677
-872
4395
235
-2081
7548
-3431
5732
1354
693
8153
1001
8352
775
1338
-7301
-9867
3220
5758
1195
-6274
-680
-6289
-2201
-3653
6282
-1187
-2294
1625
-4917
7902
-9035
-658
8611
-6542
5432
-7224
-6957
-4896
6192
32
7036
2760
862
-9444
-4388
-235
-4281
-5720
-6917
2494
9226
-7875
8486
-204
2461
4198
8133
2259
7875
-729
-6961
9610
1107
1963
-3976
-7367
-8396
9613
-9542
-8161
-1751
3473
-7275
1717
7475
-1770
-9367
9044
-6511
3014
-3733
2231
8459
2334
3983
-7910
-781
-1177
-2890
9045
-4086
9423
-7305
514
7338
5898
-2046
4999
-5696
-7722
5815
-3938
8594
-4776
-9258
-2931
8371
3615
-5404
7393
-5707
377
9230
-2037
3791
3044
4051
-8921
9125
2632
9317
-3340
-6011
29
-1216
-1212
-7000
5771
3743
4848
-840
2552
-4761
-9038
4986
-4796
-9750
9607
8697
6330
-9729
5513
-1513
2074
-5709
-2033
8030
-6512
7136
5798
7728
-7061
7140
4877
6815
-7235
2110
8340
2178
-3723
2035
7746
-2558
-415
-7670
4757
3310
-7182
8098
-9106
-1093
6484
1792
9994
-9277
2117
-4953
-7068
-8262
-6275
2389
615
3476
-9777
8107
-3924
3704
1864
-980
9583
8307
8567
7394
-3688
8251
-8143
1096
917
-7557
6856
8180
-3101
2785
7622
6444
9219
1958
-2575
-134
9609
7905
-7796
5310
-8542
7247
3410
61
-8432
-6288
8424
9902
-493
26
2407
-2873
5831
-2046
-9982
-7816
2067
-4567
-4
7124
773
4674
3727
-8849
-3472
6738
-8762
6928
1048
-4144
-9474
2535
-9877
-1692
-6900
1645
-576
137
-8442
9455
-2116
-7003
-2290
9372
7384
1203
9612
8087
9250
5898
7809
-8148
912
5591
1116
2241
5290
997
4594
3882
-1543
-4616
4230
1264
-2932
2753
3864
1341
-6486
1888
8630
4216
-537
-8769
1867
9803
8197
-1699
5361
-9437
592
-4061
7191
-4103
-9080
9898
957
-2052
6224
6647
-8021
-2762
8622
-3307
2156
-2328
816
9248
-6084
-4603
-6355
-8697
-1254
-9505
-8698
-19
-5054
-5865
4693
7323
-5130
-6675
-2640
-2336
-315
-6139
-1267
-6724
-6723
-113
-8059
3970
-8650
-8580
7120
8734
-533
8238
8354
-8918
3416
2339
-8788
-1386
6303
6866
-2435
-7410
-260
-6786
-4302
-3930
-3048
-7305
8969
1238
3692
9550
-4733
-1602
4492
6703
-2455
-6777
-871
-5024
-3349
522
-1561
5958
958
-9038
4030
-2335
-2779
-5332
2818
-4646
6615
-5971
-431
-362
-6129
-3399
-5245
2793
-6849
2069
-316
1752
8040
-856
-5439
-9558
1019
7952
-1585
1985
-942
-4878
-9596
9264
-9070
1376
-1870
9200
-4900
-9406
-9802
2921
-470
-9757
-2038
9063
-9121
-6068
-4583
-9890
4365
5888
-1693
3795
-7353
-8368
-7192
7198
6047
6478
5466
1828
-4788
-4513
9737
-2303
2787
3527
3977
7464
-828
-876
-7792
2950
4913
-483
-1388
4656
5728
-9858
-3915
7902
9997
8642
8033
2732
-8664
5409
-9417
3517
9519
7762
9365
9669
-1984
4714
4442
5665
-3313
2904
9274
-5251
-4522
3403
8730
-5222
-6885
-5017
8805
-8857
-6944
-1359
5762
5920
9489
6079
5366
5748
-9917
-8798
2977
-2259
6375
5508
5491
-5091
-9075
554
964
3904
8402
796
-843
-6678
6203
5791
4843
5358
-7228
7899
-2636
-4599
147
7007
-4652
-1149
8520
-3584
3942
9677
4520
-6284
-9233
-9402
-7330
8859
7256
2693
-804
2928
4266
-43
8615
-291
6566
2563
2186
1982
5062
-9790
-6821
-1264
8002
9926
62
-3456
-9067
3031
-8930
-5602
-6451
-5256
7681
-5278
-9645
-7936
-7381
2803
6153
-8587
-3405
465
577
-6334
-5911
-479
3846
7359
2269
-1519
6168
3366
7771
3731
2707
-8194
-1761
-3347
-4448
5570
7762
-5169
9601
-748
8068
5275
8439
-7953
1380
7277
-6781
8465
-8475
2635
7925
-4603
1550
2480
-8921
-2027
9184
-3632
-3173
9229
-9195
-7944
2127
4017
-2678
-5214
-9172
-6269
4268
-9300
-4930
4210
-8948
-5319
-5241
8902
-592
3269
-138
354
8472
7448
8710
-3598
8168
-2177
1952
8757
8169
-56
7288
-3285
260
9904
-3165
3679
1450
9839
-1862
8441
-879
-9591
-7039
-524
-6424
-5104
5684
-4081
-6782
-6258
-5240
5301
9696
5825
6587
7060
2592
5011
5723
8852
-4465
762
-4163
8528
9657
1017
8802
7485
6146
9812
-4038
-2910
2842
-8370
-9482
-6635
-7717
-2674
-4931
-2964
-9265
-5244
-3266
6627
-1556
-1756
5565
-6408
2599
4307
-894
-9367
5071
1750
-3012
-2368
-2949
2585
-8378
718
4366
4262
-3411
2433
-5573
5679
-9417
9042
6489
-3473
4795
-1808
7011
8028
-7871
3494
2442
-1950
7827
-6952
-1718
3056
-3492
6864
3519
-3843
-1286
902
-2074
-6695
2135
314
-5858
6766
-2481
-5232
-1779
-4213
-9046
5467
-4333
-4611
3392
-4003
6337
7132
-6508
2318
2311
-3200
3306
-6073
-1182
8835
1410
7861
1224
-7576
-2305
926
-8800
8190
8993
-7391
1122
2054
-8053
-9671
-1328
1707
-8938
2787
2029
-1457
-430
-7553
-7949
2239
-550
-7952
-1141
7657
7010
-565
-8417
4416
2806
9923
-2198
-8329
-3790
-5221
-13
-5576
235
7632
1015
3237
3666
-1074
-5594
-7564
-9465
4899
-3878
-9844
3347
8464
4158
2605
-2502
4393
-3126
5611
2506
9909
-2727
7790
3571
-207
9201
3045
1578
8307
-9534
-3034
1301
-4869
-7562
438
4275
6317
6274
8540
6960
9616
-3528
-1089
5251
-3101
-6393
-2668
-7630
3625
4727
1522
-658
-1279
-4796
-6293
8665
7109
-2083
-1104
-4226
3208
4244
7251
-4890
9823
-4351
6063
9290
-7632
-6153
-1920
3837
8231
3953
-1121
1916
2500
8003
2870
-1480
-5452
-2488
-5393
1898
-6801
-7862
6718
-418
-6633
-2981
3441
-5667
6192
7289
4026
-3653
8831
6168
4148
475
6746
-5681
-1363
-7727
-2153
6547
2951
6152
1370
-6480
6941
-7419
-9110
-8819
1586
-6242
7219
-858
5896
3857
-6650
9782
-2797
1189
-4275
-3206
1279
-9857
6583
3681
5644
5923
912
2931
3473
-3215
2275
-8290
-8370
3762
6771
3668
3590
5245
2196
-5692
7792
-3175
-8993
-3295
-2388
5426
-908
1032
-8496
-273
7078
4375
264
9017
-8647
-5384
8001
4619
8366
9176
584
-7661
1791
6389
2100
-5437
3134
9279
9592
-729
-2415
8849
-5108
-2529
-2243
-6394
5643
3394
4821
-1139
6887
-1558
3321
7505
-3368
-4044
139
-1593
-8286
3674
-4857
-5590
-1062
-4830
2520
-1581
5133
-1083
-4272
-9747
-3296
-1425
-8575
9478
-4658
-7926
-3753
9577
-410
208
447
5161
1004
-3980
5328
7321
5505
1998
9273
-5428
-969
3507
-561
6768
-6383
1630
7373
1084
7087
2652
9918
-6485
-4968
-7467
1523
6967
2878
-9112
3687
9090
1433
9965
-7528
5320
2755
8924
3277
-6065
5194
-7208
-7281
5644
8745
-5302
9327
8303
-6807
-5838
5584
6281
-9937
-6937
-9956
5549
849
1518
427
-4782
-6839
749
-4379
-3650
1940
9287
-7726
-2764
-9739
-1728
-7471
-6919
-8525
-8672
-6987
-6971
1749
-9037
1837
1568
-7686
6090
8655
-2520
3472
-5811
-3540
3960
3453
2316
1124
-9639
9602
-2106
-1671
-6005
-6324
-8752
2526
4957
936
-8236
6408
-9092
2516
6595
7899
-3473
8675
4101
1981
451
-7106
-34
8797
-4812
-8271
-7422
-1939
3205
-7952
-2843
-1052
-2770
-9137
9729
791
9373
923
3896
-7722
-4454
3313
4769
-6129
-3690
2559
-4917
-1117
9151
-376
-2557
-7211
-3893
-2291
5760
-1723
-9115
1481
7366
-2388
4995
-5233
7671
-3566
-4741
4909
678
5459
-5860
8849
-6103
6718
-6127
-5381
2075
-8223
-9028
3353
-3597
1129
-2000
-2742
1235
-2301
-2512
5184
8391
-5222
3329
9365
5727
-8485
3306
-3479
-846
9531
-7612
5544
-1082
-1043
-8446
-901
-9089
-3104
180
-9822
4855
6173
6696
3348
7935
-3174
-5188
-4679
9108
-6228
8354
6687
-7207
-4136
-6720
-4064
2203
5541
-8021
-6779
-5105
-2569
-5612
5289
-4147
-3595
-1058
786
6091
9118
9201
-9901
678
25
-149
3447
-8943
-5583
4628
7540
1407
-9340
3647
615
8011
3450
2057
-7433
9908
-4387
3958
-3531
9360
2611
-4
4685
-9080
8884
-5802
-8859
4289
7069
-5504
-9101
-6594
-7508
8328
-2118
8620
5546
-5491
6424
-9313
-4518
5441
-5129
-1817
-2464
5152
-1894
8570
9566
-7159
-940
2551
9916
5228
-6442
248
6424
298
8656
6885
8197
8547
8803
8070
365
7780
2397
8373
-899
4103
-1590
-4786
-246
6059
-9394
-5524
-4416
-156
-6587
7721
5921
5562
-7571
9666
2034
-8596
4542
-866
-6238
-9318
-6124
-9920
-8898
-9320
6880
-2835
2106
8117
-3719
-7176
-6273
8097
8463
7012
1028
-482
-1179
-1367
-1282
1954
8064
-8946
5744
2357
-7760
4378
4456
75
-5708
6251
7814
-2396
3005
-6520
-8491
2345
-5649
5851
-1367
-2326
-496
-9161
-9431
1523
4569
-2921
-3827
8868
3830
1825
7476
5722
-3105
4320
-7550
-4355
-3160
-5503
217
-6760
5118
-6940
-8401
-3547
1225
3447
5089
-4445
4243
-2209
84
-5507
-9265
4157
-9867
1842
-9490
6350
-6219
-1407
-9791
-2449
-9533
7431
5690
9288
-4190
-4807
-73
7523
5172
7934
-5482
-3837
6927
2842
-7098
8027
9097
-6653
8128
-3838
-6099
6881
9782
5285
4539
5472
-2063
-2037
8930
-7701
5454
-7661
1809
1414
-5527
3216
-2008
7830
-7641
9704
2468
6520
4793
-2571
-8916
-8910
-7080
-1489
6965
2874
-7264
-8500
-9797
-7217
-5422
2278
5156
4895
-5727
-2480
-440
8471
7849
-5421
7288
-9209
5081
4607
-4288
6817
4626
-3345
441
-8989
-5383
-7948
-7138
-8866
7465
-1625
-4111
4185
-1857
-4992
4779
6763
129
6913
2114
2633
7893
-2406
8957
-5271
4670
-9154
-1206
1077
2318
-8413
5028
4696
5324
3795
-5055
-6227
5275
8328
4337
-5472
-1958
-8499
-9388
9514
-1510
1433
-2130
7537
615
-9589
-8528
-7122
-8751
4521
9632
-9146
6806
-7468
1635
2173
9891
2843
-2823
7762
1793
3009
1229
8197
-6984
-8525
-7918
869
6229
-8125
8802
2126
-6071
-2880
-875
-3141
-6043
-6455
-3926
-2405
338
-4968
4302
256
1733
-3928
-676
6569
821
1838
9509
8902
562
-4312
-4177
4760
-2276
-6489
6191
-9843
8712
-172
3492
1309
-9411
1624
6356
-770
9557
89
-4312
-3034
-3048
-7198
3540
456
-8854
-629
2059
4197
3834
5887
-456
-4243
2445
-887
-448
6684
-8108
3550
9884
3413
-4606
1371
327
-2079
4509
-8171
8092
-4812
-5275
-9166
2461
-2656
-2561
8194
1119
-5710
3897
-5822
3329
3347
8739
9308
5831
3503
5831
-7860
6780
671
6316
6037
-4012
4948
-849
-8010
-4420
3316
1343
5093
2537
-3328
-914
7795
3155
9023
9587
-5132
-8547
-9975
-5009
6081
7958
-6323
4286
-5545
2787
-50
7176
-3751
1666
6876
-4275
607
2549
-2858
3851
-5891
-8518
-1862
-4441
8825
2274
-7142
5697
8597
-3213
3162
-5235
2096
-9724
-3039
1372
1013
8110
7727
-6612
-3839
-2197
-6548
-7946
8620
-3014
-2888
-749
-9895
1545
-5048
-2894
-5787
-5369
-3611
-5564
7213
8318
-2778
-269
3930
6355
600
-3106
2001
-5827
-492
4632
9240
-9255
2728
-1348
-5003
8159
-319
-6947
180
-3528
8411
3514
-3517
6988
-9756
5669
-4420
1787
6186
-1582
2844
6027
-4129
2694
2198
6799
8955
-87
-7596
5588
1926
-9089
9950
8743
365
6329
305
-137
-6671
-8343
-9082
1597
-6648
-4251
-8331
-8661
9789
9667
-9711
-5673
-1161
-507
-9661
105
-5966
9755
7310
3684
6103
-5471
4424
-1550
9152
-7208
-8645
7976
-3092
3111
-6842
-6544
2840
1085
9627
-5199
-5877
6787
-6270
-3008
4342
2170
8079
-1698
-6030
-2177
3825
-1858
-9090
-5928
-2374
-7039
9581
-9780
-4616
-6607
2817
-4228
-1457
-7537
872
6183
6141
-6236
-5778
-3813
8676
-2216
-2962
1672
3071
2993
7265
-1401
-6053
-2168
-3526
6070
3238
-4220
-6991
-4379
-9450
5439
-4184
4574
-567
6293
-9629
3691
-5946
5278
5672
-6475
2295
8200
-7364
7784
4536
6703
2023
2831
-413
-41
-4472
-5910
-465
8368
4015
7494
-7198
-4576
-6631
-6155
-1747
9881
-8700
4934
7301
1371
-4832
2108
7158
-2356
9600
-8773
-4564
-5802
-5315
3084
2829
3002
6027
3347
9812
8426
-5530
-9229
-8829
-9682
-8894
-4185
8079
-8010
7267
-9177
2268
-4989
6176
-9515
-9740
7302
-9298
4454
-5149
5513
2664
-8773
-9245
-7136
-4310
5673
-4792
5982
-2079
5640
-3333
5282
-9458
-181
-5119
2446
108
-9625
9115
8361
1075
-7014
-1610
614
1152
1870
3959
9917
-9536
-9477
4264
3625
-835
986
6531
-4171
7757
-8291
1334
2154
1551
-9692
-454
7030
-4208
-9345
7134
-3790
-7783
-440
7846
-4428
8605
8463
9264
-6452
8139
-8214
-842
-4361
7458
1680
-7703
-3870
-7514
6384
4677
-4998
4202
-3984
7880
-7922
-8620
-2519
-1264
-916
-2581
-6685
-1506
32
-535
-1084
-9379
8657
-7490
2688
1303
-9829
6372
-6560
-4643
-8802
9386
-7935
-1317
5080
7079
5477
-5139
-977
-7799
-732
5271
6291
1065
-6329
5132
-7402
-4470
-4669
4931
1503
3988
6439
2293
3805
-2768
5773
7657
-6903
4944
-6
-832
7700
-5036
9365
8110
-4814
-7499
-1110
6231
7418
-2414
226
-7308
-157
4345
297
-2011
-3136
-7448
-854
1259
8826
-3361
1978
956
9984
3933
-103
7049
-43
3180
8405
8652
4492
5186
-3989
4805
7635
5039
-2544
-686
4307
3461
-7786
2405
-7033
-4726
-1338
3646
5089
-9895
8486
-5813
3710
8796
-4114
-7855
3664
7237
-6536
1390
-4358
5025
8542
-3107
-1862
8831
-9540
9916
-3899
8328
5573
-6892
-6866
-8951
9562
2459
-2940
-8297
8854
-3453
7777
5998
5058
1743
-8685
3865
1100
3037
-7689
9478
5040
9664
3970
2026
4492
8812
7240
-2324
-6279
-9057
-3508
6545
-9361
-1309
4289
-7613
3628
7263
9108
3063
1821
-1341
-421
716
3806
-4808
-6383
-3444
4205
1684
7649
5025
6055
-884
-3981
9407
-6090
-44
1558
-6900
891
890
3955
8549
-8289
1402
851
6225
4570
847
1644
7953
-776
-4664
9452
9100
3708
-8538
-3771
-9895
1244
4791
-8524
-9797
-6344
-2573
-9145
3069
5196
426
8273
5820
2271
-5666
9820
-9092
-3453
8573
-1724
-2506
3974
3934
8710
3633
-2200
-5831
3668
-5860
7964
1191
-7221
-2769
-2920
-8908
-3435
9557
-6824
-4749
-4829
7826
-2108
6342
8132
-182
-5489
6931
-1917
-5152
2844
2469
688
-8070
3635
-3952
-8510
-4809
-8714
8298
-1841
-7165
-7305
8893
7104
6177
-7474
7684
-3811
2269
-3448
8662
-2382
3104
-6483
-6141
-1993
-5583
9694
3113
-7643
-5851
-2610
9650
-8682
-5261
7109
-3732
-8504
9164
3814
6815
5189
1402
9678
2682
8095
5964
-8050
6202
-29
-2183
-3474
-2464
-2018
-7525
4508
-5812
6424
9860
-5031
-7059
4458
-7995
6522
-8342
8961
-8960
4498
5933
2680
2189
-1178
8681
8395
-1544
-7300
7459
5921
-5256
3636
5473
3084
8163
5445
-9295
8946
-7820
612
8726
231
7396
262
-2458
6399
-6050
-7893
8993
3540
-7487
6500
3811
1207
-1169
6722
-2013
3710
-1442
516
-4914
1379
-4869
-8511
7931
6819
9940
1836
3134
1640
1817
6507
866
9826
4153
-1706
6363
5668
-8870
6335
-9052
9405
4314
6855
9826
1000
-104
7206
-7972
-2513
-3032
1653
-1805
7298
-6230
8466
6449
-2153
9435
771
-5890
-1858
2004
-5076
-8285
-9920
7972
7020
5366
-9804
-6136
-7427
2796
-3613
-5003
-3069
5447
-7205
-8196
5797
-4960
-4842
8360
-8502
-4107
-1375
5863
-1707
5735
-7853
-1320
4238
5989
-7931
3736
7662
-9353
4721
-7983
9409
-2396
2049
6639
1193
-3969
3516
5078
-9814
5596
-363
7847
-9262
9521
6228
7874
-5136
1433
4761
9479
-4311
-9154
-9512
8283
9370
-455
2461
-2671
46
1864
-1323
-2964
4371
2853
-5488
6470
-3980
-1329
-4059
-1150
876
198
-4591
7199
1308
9318
-8151
-6620
-7602
7912
8258
-5016
-7429
-9368
-8068
5659
7654
9459
8872
6716
-1500
1706
7826
-1038
-1271
-3607
7505
-104
-7132
-2759
-4374
9085
-9674
-1244
-6880
2957
4189
3258
-6565
-1559
-3193
3257
5377
-6125
5815
423
5128
8638
-4392
6187
8038
7570
-3892
-5873
-2144
-4265
3113
885
-503
2296
6822
-3556
3834
-5170
-7978
9178
7643
1671
-7334
5179
2412
9226
7276
-6375
-3088
-7024
-9507
-2975
-8412
-783
7561
571
6606
7731
-5341
-2962
1262
610
1680
-4859
-7780
-2680
3756
5225
6878
9166
421
-9676
-5368
6177
-4562
4063
-5293
769
5657
4876
2556
737
6479
4881
-730
470
4852
-6753
-2295
8742
-5044
2651
6891
148
9090
-6886
-1723
-3002
-2907
2297
733
2101
-6575
8079
-7362
-3422
922
-9947
-2750
2713
-1959
-7985
-571
8465
6830
3917
8504
-7388
4152
254
5598
-5694
-3588
-1118
-464
4473
-9555
6824
-973
-8720
-1413
4717
-1774
-6808
-5182
2039
-4544
4019
-4988
7051
-6523
4659
-963
-7446
-9331
9229
-8112
-3275
-7110
-2658
4597
-6476
-3265
5370
-6427
190
6698
-4541
-3850
8647
-9811
-4539
554
191
7315
4880
-1544
-9129
-821
8764
9107
8573
-3714
-5118
-2340
-3200
9800
4529
-6101
-2687
207
-7964
-9659
2179
2969
-2726
-6590
6465
-1427
7213
-6915
8648
-4584
-7064
8535
6840
5384
7835
-4190
-1303
-3909
-6432
-3519
-2348
9400
-694
4452
-1737
-4481
-8520
6299
-4848
-397
5699
3749
-6729
-7128
4823
6346
9967
5124
1407
8601
3719
-6340
-3953
-607
5417
2812
-6255
-8738
-8389
-9206
8540
8593
-2797
1484
4762
5773
-5964
-8676
4493
-752
841
-5128
-4383
4936
5011
-3640
1739
4718
-5695
-4394
-4973
-5583
-1827
-1856
-6743
2299
-2758
9418
-6277
-4733
9645
-7235
-9578
-649
-5014
-1095
7490
-2830
6660
-2569
-4299
997
8375
-2919
521
940
-917
-3176
-5772
-9720
6582
4854
-71
9470
2354
954
7184
9570
-4946
2392
3689
-4651
663
-8970
-5274
-4603
8791
1554
-2835
398
9514
2639
9642
-2128
4539
-8717
9244
7975
500
-5235
-3933
-6135
7408
9084
1506
4899
-6687
4569
1328
-4305
-6410
3667
-5813
8136
1568
2801
5185
811
-3835
-6876
6232
3985
4079
-9532
-740
5502
1298
-4899
2404
688
-6610
-7063
-6460
-218
4341
-5773
1951
-6491
-5985
4734
-1944
-3949
1904
-9188
9666
-3501
-236
4589
2053
-6728
6332
5678
-946
9682
-9160
7043
-6638
7437
7698
1444
2582
9619
6801
-8922
-1242
4924
-1121
4626
-5234
7495
8944
-5636
4717
-3614
3968
-2318
4380
-8502
-7141
-5848
7672
6971
-8813
-5492
9735
6303
-1680
3285
-1712
-6469
9210
359
4724
1617
-2770
7028
-1178
-6066
-3674
-3331
8154
6439
-1339
6229
-7815
-2837
-5915
7797
8220
5794
-1362
1240
7566
454
-3472
9808
6191
-3156
1178
-4012
4810
-1468
-1225
7823
-9917
-9662
-3433
-7448
-8847
2919
-5324
5244
1929
-9124
-6378
-8751
608
-4007
1809
8984
-3285
4611
-4620
7127
4359
7705
-358
-7621
8759
-1070
-9460
8405
-8311
-6660
9718
1353
-6610
-4684
-692
-2414
6630
-6450
9888
5023
-9015
-7374
-4634
6088
3722
-5135
3403
9692
-8289
9565
-3343
-626
2438
1876
7498
1975
-6119
6840
-4796
-9786
-1334
7018
-3937
-7900
3134
-7059
-8689
1768
5787
-2694
7731
-8581
5397
3445
2855
2629
-7822
-6920
2888
-9461
1085
9604
-2403
-535
2128
-2095
6823
-5059
376
-2248
-2420
-8538
8120
-9560
-7010
8532
3859
-4151
-8702
-726
-7749
1280
-8733
-7711
7557
-6313
2220
-7951
-3613
684
966
7142
749
-2537
6773
6980
9728
-7762
-2459
-7330
2183
-1986
-1460
9192
6226
-5953
-8589
7584
-1914
-134
7333
4984
457
3308
203
8723
-7380
-2584
2320
-5789
1269
-6239
-9340
2427
-2494
8836
-456
5311
8464
-9653
3069
6872
-7026
3919
5249
8383
7763
-7066
1774
6563
-3100
3254
-6137
-4448
320
-5759
7041
247
7334
9399
-804
5543
-990
-3117
9512
-1223
2626
9949
-7153
3278
7471
4058
5373
7581
-9674
1546
4794
-9996
-7913
-6033
2900
-953
9136
-367
6489
-2844
8919
8243
5425
1514
4168
-6383
9026
-4256
-1617
6072
-8105
7721
1582
7109
-6696
-8029
786
-6212
4527
-574
-7639
-6303
-4048
6181
-1734
-2322
-5377
1701
2383
9911
2998
-8055
-2339
7468
9428
8604
6123
-3064
8801
6247
-5923
-4966
-3713
4148
-9040
-3659
2026
3323
6480
-3638
3794
4188
-4056
9750
5100
7225
-8040
-3635
-5548
-4706
-298
7044
9581
-7360
-3389
-3901
5958
-7949
1625
3332
-3675
6618
9210
7342
-5378
7818
-7292
3119
-552
1680
7116
7978
8423
9838
5797
-6202
8978
716
1740
4740
3256
2899
5721
-8229
6968
-5097
-5700
-678
4513
2786
-1034
9275
6666
8170
3692
1004
4239
-1235
862
1833
288
-8051
-1834
-2532
404
5528
-3595
9129
-4226
7314
-5603
-3436
-7983
-6717
-2762
-7646
-2298
-2058
5009
2939
-9729
-2437
-1573
-4214
-6229
6856
3631
-7089
-8795
-4263
-5489
346
-7031
9415
7048
-6161
1301
-5676
-7532
-9282
8952
6149
3331
2885
-5901
-8517
6099
386
-8363
1883
235
7645
4138
415
8742
6282
-3324
-233
1949
-720
204
-7170
-6011
4982
8961
-7910
-541
8310
2669
-4115
1590
-5906
-9825
8576
6365
-3770
7446
-7784
-5533
2252
-7230
8396
-9265
-8944
2652
1150
9864
262
-2687
-7357
353
-1961
1408
-8672
-1720
1521
-3664
-227
-6084
1500
-3758
-1720
-5767
7611
-6157
-4827
-6537
6768
-507
2680
-2435
1100
-2209
-180
5698
-5333
2760
831
3199
-2505
1145
7891
-5750
-5548
-6693
-6719
7598
1491
-4811
-2463
-92
-3383
245
6469
-3724
-2238
7924
6916
-5864
1074
5182
1860
5721
7633
9609
-8557
8835
6902
-4043
6672
5493
6196
4501
2647
-3304
8609
9711
-2412
-8032
7661
-9042
-1087
-5392
5392
2227
-1397
9190
1729
-2627
-9930
5266
6443
-8677
1555
6227
4549
-2214
-8802
-5711
7592
8139
-3294
-665
-9653
-2434
1644
-4909
-5005
6270
6567
3514
-7872
766
2442
-3044
-369
5769
8549
6665
-5998
3021
9044
5495
-1431
902
3798
-9980
-6669
-3093
-2737
-3025
-387
1049
-973
-8800
5080
-1255
-520
7515
-3605
6146
-4594
7942
-1931
-5303
-3102
3460
-4905
5525
-4233
-457
-1897
-2129
-5690
-4298
-6411
-5976
-4592
4321
8433
4730
-7826
5070
7585
7360
-3234
-1986
4692
6590
6636
-2085
8924
-5620
4288
-6994
2105
-3370
-6048
3090
-8214
-1469
-323
-5259
-203
8548
2572
-6891
-3720
3758
5697
-6907
-1494
4150
-9966
-420
-8271
8637
8930
-1841
4251
-578
-2968
-8771
7822
753
-6835
9146
3953
-8675
2568
8874
1787
8314
9290
93
-4995
6285
466
1719
-6707
1041
7962
-5263
8235
-7746
1039
4217
-6005
-4687
3887
4937
-4819
7944
6410
-6824
-3862
-7909
4309
-7962
9436
2841
-286
-9456
6253
-9960
-9127
-8980
-8565
-2319
6042
5131
4910
127
-361
-5489
3003
-587
6905
5804
5888
4650
-9302
-9044
7269
-7688
6702
-5181
-9378
8071
1716
1978
-6736
-4834
8332
7633
1595
9770
6267
4533
-8397
-4721
-9310
8153
-1966
-7517
3969
6861
5056
4790
4500
-4150
4002
4439
1134
-9354
-2244
9011
-9614
136
7783
-3881
7378
-320
-9535
9511
2493
7706
8267
-2703
7753
-8519
-7226
-4681
2881
3119
-485
-6934
1350
4325
-2983
-3802
-6214
-7162
5792
4934
-2247
-9832
4669
-9864
-4508
-2482
1710
3991
9034
1575
1841
7864
-5379
-1142
-8010
1724
-9724
-7619
5791
-4551
216
1348
6749
-9383
4704
-7504
8939
2709
-2166
-8005
-1829
-3545
-4726
6835
-5886
-7786
-6682
-7700
6363
4799
5027
-3305
9343
-6654
-2952
-4471
-2183
-6733
8456
8587
-949
7157
-9684
8665
3238
7918
-8615
3020
5093
9416
-9505
5863
3337
-4374
6507
2559
6376
-4668
176
9635
-8739
-4123
3336
3201
3278
4253
4956
9419
-964
3397
-829
9390
-7717
-6156
-7698
4689
106
-4041
2400
-1213
1993
8330
7839
-3882
6481
-8001
-5241
-4562
-7262
1284
-3775
-7329
-1168
-5840
-7726
4171
776
-354
-9033
-9103
5163
-1477
-8391
-3222
-278
1643
3148
-8262
1261
8871
9106
6757
-9367
2766
9767
-2685
-9198
9241
-2675
1602
2706
4593
4037
9297
-2270
5260
-7385
-9160
5889
-9814
-8641
-2355
3976
-8894
6260
1651
-5330
-7774
-5083
-9747
3224
8651
-8223
-1150
5875
-5175
4137
-1403
7590
2084
-9094
-8033
-8778
6462
7939
-511
3601
-364
-6711
7660
-1809
-7775
-2547
5369
-3801
-7821
-8981
5850
-9583
760
-8071
-2599
-4123
-3365
7865
5013
-6452
3039
8539
7684
-6028
9992
1827
-3332
-286
1567
2965
-3011
5400
6645
1125
-1527
-6910
-4925
-2486
8947
1541
-8727
670
9339
311
5399
875
3135
-8808
-6761
-5930
6644
4053
8437
4073
7597
9492
-7767
-9819
2749
-9065
2953
-4916
-268
5839
2365
-9748
-7189
-6555
-9170
-8629
-3131
-4357
9966
-6657
-6271
2686
9343
-1947
-8317
-8889
-3334
-3925
4583
-2833
6072
5997
6577
-4388
-5668
1722
5703
114
1099
4462
-1907
-6181
-3508
-5670
-643
-1446
4269
4711
-7544
-7805
-5396
7608
-811
-1649
-7715
-8607
-1431
8467
9471
7503
6924
-1592
-8803
7856
4032
4140
-1456
-3041
-8931
1782
-6416
-2530
7529
9039
-8303
6325
8937
-951
1006
9628
1716
845
6379
4614
-9612
947
-8795
-9703
9788
-9970
-9340
-5472
-9803
-2479
5996
348
-3899
-360
-6534
9956
-9376
6642
-6060
-4936
5814
499
652
-4972
-7699
3567
235
1085
6935
-2025
-3517
-253
-9490
3906
6559
-6137
-2394
-1350
7658
2849
6203
-6605
1364
4804
2352
7619
-4230
4468
7452
-1491
-6613
6196
-7676
-6628
1621
-3685
5690
-5183
-3686
8987
2208
4436
-9975
-1168
-8358
-6213
-7327
-8084
2462
-6119
-487
5714
3578
9432
-4432
-8672
5089
6660
-9116
8860
-1194
4960
2741
1476
8240
-2383
-8747
2095
-2851
1338
-6066
5422
-927
9724
8280
-6087
132
6231
-4867
-7763
-1012
-1338
-4195
-8090
4615
1770
3619
7293
3378
-5059
7378
-2125
-6703
3576
1805
8788
2454
2795
-7482
7987
-5098
-3625
-5901
-2943
5972
-1052
-3176
8786
-9687
-5092
3234
-2550
2792
-891
1755
-6747
7388
-1611
-3207
2947
1955
-9003
4883
-7622
7809
5684
5974
-2805
-2222
-4700
4201
-5613
-9265
9180
-4739
976
5946
-3351
4105
9
7158
8198
-8529
-3682
-3620
-1552
-3843
4799
-5877
2412
709
-7058
-4773
4147
-7196
-4185
2719
-237
-464
3403
-9799
-1719
-3078
4660
4148
3924
8663
1322
-4730
-6624
-899
-8636
-4263
-2935
30
-8422
-7544
6613
180
-4356
9105
6850
4766
-8126
-1722
4070
-2959
-6381
-9615
-3497
5734
5957
-9208
-9667
-1070
-7311
-3893
8260
3484
5453
2785
-7015
7683
747
8499
422
1410
-5079
-2488
-457
-6934
6547
-9823
8689
-4950
-2485
950
-8919
-2567
7349
6658
-775
-1350
9083
4800
8022
7701
-2550
-1233
-1963
-5398
-1389
5801
-7675
3113
-764
7132
-2667
8771
-9319
5437
-7477
-6193
-1172
-1500
9637
-7855
-5258
5837
-3304
4579
7301
2556
-71
-6307
2318
-3496
2267
423
1744
5537
-266
3993
9157
-5497
-8107
-357
-3662
-8366
-553
5258
-1195
-272
-8602
-3237
-627
2984
7886
-5483
1149
1199
-1343
-8729
4160
3446
5605
9795
-5297
-905
2014
-9159
4324
-6275
5535
-4438
611
2238
-9070
8443
1684
2075
4641
-237
-8876
867
-5233
-6715
1301
6374
6126
-2566
