9
2310
10
68130
22430
14
1
9359
75050
14
18320
91997
17
22848
6297
12
68009
7
98576
21
20
22
17215
97542
21
14
3
51735
1089
20
11
34861
11
58762
9
1509
11
14
12
19
22
2
52880
23
1
46862
65557
10207
12114
12
8849
20
6
18
48163
11
84145
22
15
15
8
11
57222
11
20353
12
18447
95346
15
19
12
14
16
61772
89963
13
52778
15
24
44302
7
8
41149
58416
2
18
60244
75328
9997
61271
74557
20
3938
23
93862
8
21
2
73706
13
1322
22
20970
94497
11
75086
13
22
8612
2
11531
60373
48570
70524
8
3
22061
4
19
7
2
20
2917
40902
8
2
48999
12
22751
20
9
14
2
39016
23
16805
17
3
59317
1
79588
14
94643
14
11
67609
4
24975
15652
2
63956
11
23
21
73963
15
88040
31214
15
15
36423
19
94087
6205
45375
16
17200
90386
60640
94155
83138
22
5959
58334
90974
16
14
70968
17
38924
12
89571
21
38637
7528
96780
10130
24
49593
16831
98400
87708
65238
14
3
94876
66508
85545
14254
17
17
10
14
98521
35189
18521
74782
10
5
23
29825
9
22
14
15
36990
19
13
6258
70335
23
20
84312
3
21177
85446
19492
13
15069
12920
71101
24
1
8
24642
97611
3
6
11042
3
11030
95745
24
22
8
13
23
43655
99686
47864
22438
32570
32608
22
66605
22
80364
19
4
1309
12
6
84117
2
94240
13
2
15
54261
18596
9913
11
9
13
3
96063
18
96510
74528
15
73447
13
14
29253
21
15
32743
65402
11
5
24
55557
12
10
12
33765
63016
39713
56194
23
5
4
73123
96354
52671
5
91633
19915
4949
66249
23
40337
24
10
23397
78106
22
3
14
95077
17
14
85667
22
78104
48986
12
4
5
19
51308
73708
15942
16
82949
7
82447
1682
15
12033
125
15
12
10164
26646
68583
21
7
10
18
17398
18
76824
38307
40374
14
4
98597
29821
17
4
10
15
2
11
67386
90781
18
14299
87183
58323
19
21
44709
74224
20
94434
21844
21
5
18
9
51064
21
15
3
12
23
23
2
14
15
21
17
21475
6158
5
8
70090
11
96601
12
91412
6
19734
30407
14
12
18
3
22
20089
74665
10
9
24378
20
17331
8
17
55532
61850
6168
3
24847
37709
67566
92790
12
60991
42962
40962
87939
23772
16
12
23
4
21
4
774
57967
18
39697
16
13
4
13
16
5
7
12
10
21
4
59125
1
96149
91190
66434
19
5
31795
5
89400
2
27999
17
99790
96544
48290
23
19
20
43623
10
59265
19008
621
7729
28324
4
16
6
13
96752
95637
17
20
17
18
4
23641
13
6524
10
63700
13
40052
9206
30536
9568
15538
22
65019
24
48151
28416
11
84079
9
77670
6
6
12
5
81076
83222
52072
49559
61492
2492
45796
31710
78943
94809
92092
9719
29810
11
23
6
12
7
7
2
1
1220
2
59400
5
6334
18
84397
72193
11
1547
33513
3
70599
17
7
72068
11390
13318
2
80341
9
16
67403
5
31578
87582
69929
2
49769
4
99489
18
21
4
70335
6
18
15
28295
9
20
95787
13
84099
20
20
8
18
12
40537
16
18
15
78985
90091
75678
5815
74975
59359
21816
13
19
94157
55527
5
24
2
5
53441
85537
64819
19
22
30514
16
36168
9479
66223
15482
9
47732
78193
81325
1
41666
69555
17
5287
11
23799
8816
21
99647
10
14
24
19
6
4
21
21
13
5
34997
86253
23
7137
89263
81264
18
14
12
98852
84224
14
22
92244
71831
1
78058
77817
36525
40183
91032
842
94204
6
10685
13
4
21
20
22
31206
94475
11
6
23
16
84212
5
4223
19415
4
66932
4
8
9
59468
22127
53386
9328
44231
14
33392
16
88961
75333
31793
12
22
18
4
24
11
47941
99637
58767
21
1
50117
23
2
22
76575
20
18
20325
6
81658
9
64722
89299
14
20
10708
30638
58726
18
2
23
19
19
42823
13211
24
11
91217
10
16
8
5
37467
78795
95745
9341
6
38176
23765
13
5
8926
13435
67050
47311
82567
16
84766
9
98410
16
7
98905
5166
10
5319
6
66522
7
68033
6
2
37692
18
2
2
68320
59963
77094
6
86165
39345
19
4565
4
64967
1
72479
16
11
1
2
8411
5
14
63844
13
12
3665
5
9
87553
94304
24
12
4
87787
8
17
94620
97436
3
24917
2
98403
56024
95630
29129
15
22
13
3
13
21
17
13
88535
69779
10672
31271
17
6789
67965
1
70146
58050
6
13
13
61913
21
58410
60285
8
55328
1
15
18
16
10
81086
35460
15
59257
1
64093
22
78117
21467
23
9
12345
22
21244
4
8464
41707
75148
12456
22
78432
32190
55761
5599
55204
8947
6
9
3
91396
82482
21
21
6
73928
19
14
14
41626
2659
2
12
14
86985
14792
55935
15430
22742
35485
12
11
24
4
15
34434
9
95071
71078
82786
17
18
71761
34765
21798
4557
60121
80406
85859
81316
45009
9
21
75495
5727
13
24214
24
6
20
23
18
49544
6
15
2
8
70356
17
9
6
40782
14
4
90709
30052
14
37788
8
61079
19
17870
67605
21
2
35119
8
4
16
62567
8
36498
8
14
60625
38956
29680
98647
20
4
14
24
9
24117
10
61622
24
10
22
96940
98409
15
9
7660
54789
19
8
19
16
4263
17
8
21
19
12
40173
49663
92662
96700
24
1
66191
7
3
8
6
58924
13580
11
90308
22
20
46514
2
19
15
59332
63959
9
96000
37647
23
11
1
4
4
3
15
77239
5
10
40054
17
1
4
16
6051
95273
52108
3183
5
21
11
21469
12
40309
73096
35597
17082
13248
51190
95769
2
6
80995
98703
62910
8
2
3660
37918
21
82546
30522
6230
18721
21
65802
87917
21
969
6837
22
64099
21
3884
22266
5
8495
8
45665
40716
8
32592
29728
84842
10
13
26234
23
41520
14
7
21
46060
9
82562
41121
8
4
56536
8
66081
82532
53297
59146
11
65719
20
21
41293
11
11
62112
5
69345
11
19
6
10
92643
5432
7208
29758
12
69523
16
20
10
2
21
39134
29472
47383
96410
24
6
12800
23
13
11
39644
6
18
23085
92929
18
44347
19
19740
24
69300
98310
22
1795
84542
18
14
16
95372
70518
19
3
23
57897
24145
9296
21091
2
4
60081
57755
2
2
17
3
99520
3
14
29788
23
23
9
9
13
23820
8
84356
49772
1
71949
20341
8
18
22
86119
98352
17
17
93345
11
76412
24140
85443
9
23272
23
19
85407
35283
97433
22
1
20266
4
96326
17
66192
17
31698
13
20
6
33609
17
68317
41784
19
26092
18
85607
90334
22
5770
8936
80418
48525
78059
8981
46765
17
6
27310
12
19
8
23
22
15038
64211
81021
89088
10
40111
51082
23
9
4554
63828
74778
44148
55705
27166
96997
78659
13
22
52172
21
18444
8
6
80446
13
10793
21861
5
4
12
8
2
46706
1074
12688
20
10
12
5
1188
19
65327
8
7
10
8
77963
23
80135
46544
9
3678
85867
9072
10
23
24
6
21518
92439
13
84238
52625
96175
1
40997
3
17278
28416
2394
8
56123
31126
15
2818
68177
95381
67527
16
42532
8
74358
52049
27626
84273
11
5
18
22
3
17
8
11
24
1
10
20
9
10
10
9
20
10
19
2679
11
12
10360
8190
17
10758
86802
8
13
75967
22438
97372
68655
34226
9
17
24
50838
32888
23
68105
19
7
20196
8093
8
20
10
93295
2
11
44363
21397
6
18468
12
19
31248
26337
9
24
22442
67089
28304
59176
77919
3410
24998
97586
22847
23
44226
10
87475
46587
21
16
64874
99351
77685
77938
34144
19
20292
10
13
71218
47021
63836
9
80829
5780
4
20
22776
23
12
14
19
34616
14
13
5
21
4
21
89025
5
16244
82038
32862
44631
36961
77071
9
42572
24
28862
52694
81605
17
15
32541
14748
17
15
1
23
78215
46108
69490
20
6
22
19
10
17965
15
56612
2
7
16
38097
17342
81678
63333
18
19
10
3
3814
4
2
10
3
54167
22
34987
95332
13344
59193
21
7960
15
1
37403
78673
36973
73064
31418
8
11
10
61151
7
9
3
25341
55346
17848
9308
6
13
7
30721
51402
32731
25643
54181
16
16
13
19
97217
10
13
5
20842
87960
5
22153
23
2
55569
64326
7
8
1
45824
22911
45056
439
24
5
46631
86444
7
15
17
5
8
7
18
20
1
19716
52679
19610
48140
80382
37438
82955
23421
62284
20
13715
15
18
11
9
39094
21
6
17844
84270
9
17
1
11667
2
67584
15
5
56087
74933
19
17340
20
37014
69281
2
12234
1
7386
41025
21
9
21
15
24
10255
8995
41539
39815
11
18
24
15
9
13
28868
23
4
54192
20
13903
16
24
40917
31837
47195
49845
39569
3
38943
90991
15
19544
8264
5433
51590
8
23370
5
82445
10
10
20
62974
85028
22174
45417
14829
58771
64528
17
3
19
12
19
10
5
41311
18
6
21
8
17
65245
29660
13
3
9733
14877
71290
9
2
16
12
5
8
84011
4
92906
82439
25091
5
96350
58336
21
20
78141
37761
7
24
74894
8
97419
19
24
15
35362
9602
40120
87057
89903
10
26386
52343
2
81038
20170
4
14
23
12
21
10551
99155
18
15566
39398
1
57514
90987
6802
88261
20
23057
76721
20
7
96921
97368
6
24071
12
26440
19
43684
12
81866
23
16
96751
2
5
46956
15
36585
20
68225
91393
81169
40835
40013
14
55932
40385
24
86851
50563
97083
74136
58567
43844
3
55833
12980
4
12952
24
4
17
4
23
9
11
19
89678
30879
81913
10244
31859
64508
1
13
7
22
27539
19
75643
11
80513
73155
28856
21
59470
5
4
38821
24
3
20
12140
12
25975
85062
68680
21197
23
10
29606
8
15
99698
44155
16
74216
87097
60734
80814
2
42807
5
20579
85728
22
21
12
9388
38475
17
3
7
22
8475
33579
10
9
32481
58441
20
25297
81699
26334
80592
39168
54883
15
8608
42704
96031
7
15
29663
29310
10402
38268
59836
13
19
14
1
16113
11
7
68210
30446
19
16
16
2
75169
84991
74899
30402
42355
28165
16
15
45120
12544
18
56157
9
9
15
62060
55379
76443
23
86075
87477
14
68107
22
5
4
3
40112
12
11
85711
16
63768
21
47685
68008
12
14599
22801
97334
18
49937
75509
23788
89579
26236
1
5
23
3
21415
40489
4
36815
20
72948
3
13
93012
19
7
23
89948
7
63851
82736
10
14
24
55533
39499
7
17
12451
16
98208
14
11
96549
15
44831
7
60020
23
18
3
6
13457
1
70245
9714
22
77924
35552
45085
12
35649
99266
16889
11321
81630
70177
33707
18
71152
7
11
19
24
16
32454
22845
1036
83240
69022
40612
98968
3
69306
9
21
4
6
82485
41178
16
18
53736
12
34577
77445
43964
8
5
10
5
8131
1
21
50600
8
1
12
961
13
19
21
24
9
54024
58165
45226
70692
69632
20231
17
70833
46582
8
45902
40285
2
18
16053
3
16813
2060
14
24
77506
28709
97695
67273
23
33023
5
45430
21386
10
20143
97330
43961
17
70730
10
77896
93124
19
96343
20
64344
19
8
43063
9
28542
72679
11
1
5
8
6
2
6
23
18
69667
24
18
2
5
10
65680
15
17
4
15
9
73667
20187
11
6
16
21
3
76579
2
24
76830
16
11191
26558
56829
24
99272
1
43860
70280
92531
40935
78474
6
47008
14
2
56456
99486
62638
20
12
77157
3
2
22
53706
69084
21
14
96914
13
21
99919
75981
60417
62712
2
23
2
10524
76218
8256
17
46354
8977
26887
35692
24
51535
36599
1
17
2
4
53372
3
4
31424
30905
10
37063
20478
17
10413
15
26224
18
15
13
20
22
44130
16
10001
3974
65727
23
57841
1
6
66632
2
84662
23
32877
91775
24
4
4
67015
79593
8
5
24371
65317
74943
17748
6
9
85817
17099
71971
3
2630
33953
16208
19
91276
8
88496
8
70891
1
55468
18
36460
23
7
29969
3
8820
3258
19323
5
14
11
23
61614
97396
8
18
22371
19
12658
94426
21
21
17
20
97506
20
1587
18033
16
9
89186
3
10459
24
30718
9
12
24
50894
26795
57496
68501
16
19
33147
18
86068
91197
20
24
9
51775
54951
15
26535
7130
11
25631
6
22
68561
85485
30845
11
22
10
90301
58494
6
36197
13983
18
7
11
3
56128
12
93505
13
13
58340
1
10
14
19
33265
43348
96824
61969
87828
16
15
11
71263
2
9
4
86345
38770
7544
68699
39932
11
27977
93741
75261
6873
9
4
15
24048
33322
24
80286
71823
37750
2
18
14
80329
13
89066
84361
28428
19
36376
14
13
10563
10778
12
19
12077
16
34306
5
70835
61239
14
2
23508
5
30712
43320
58346
91179
21
12
15771
7
19
16
16
9
23
36094
23491
37950
53308
23025
51684
65984
14
6
12733
5
74819
1
24
2
60304
32179
64022
45006
2
31286
31342
24485
99230
12
47306
22
8
67712
79664
73693
64730
20
32485
24
7
2098
11
5
87573
18686
33822
73838
9
61718
72013
12
18
7
7
6
13
5
44409
19
16
7
69041
2
4
1
7
9
7
21863
15414
20
16156
48658
96308
19
4
23528
48276
23
6
48140
7
19
24
20774
3
25514
19
7
1
64859
54930
16743
3
21570
17
15
5779
95147
12
18
17
1
19
12613
16
24
2
17
46159
53356
13594
78627
19
59340
23
13
1
6
17024
47573
88472
2
22
8
58500
19
77316
43897
17323
16138
16107
38323
45319
17
13
8
10133
11
20
92881
41634
25673
2
64082
17
82840
20
47872
20
9
86121
68576
13
17621
11
78931
19
13
62373
54028
20
17
20
22
13
16
4
21
8
59083
4536
16
8855
22
1
42252
60566
13
8
71280
14
9
55894
22
6
15936
73150
78748
91546
12
49116
22
47967
8
13
4
94429
24
2
4
14
20
21634
51187
83567
17
19341
21
11388
99407
98983
22
18
10
81751
17
77753
7
45519
86248
10
21
24
12
6
17
86742
1122
7
17
3
21
24
30726
9
41068
63570
6
15
2
87383
36498
55786
14
23
10
35589
19
23
21
83463
6
7
44337
22
8163
67712
4
2
5
14350
76143
7
83576
59033
50337
65372
18677
6
19
91856
7
13657
20712
92295
54398
6
56467
48068
81827
15
8
4942
8
89670
10045
21
12310
24
7
10
39186
4
13637
10
78916
11
82183
20844
89794
9
67905
82409
4
59481
4
17
13
93624
2
18
19
3
10547
2
74242
45168
13
9
7
53731
77299
3
50275
1
21
1
9
8
18562
54683
52966
20
6
1443
11
11
75980
58942
42359
93787
46333
8
3
9
18
19
35635
19
9466
24112
2233
92122
24718
9
54149
84471
37222
2
4
43717
18
24093
38450
13
23
46883
3
38283
15444
23
13
27299
83501
48599
50931
10
92448
16
1
22
12
84452
12424
39023
91556
96651
52201
49150
12
1
46890
22
11037
20
22
6
14
67009
97005
5217
11726
12
10
76049
36782
4
23
1
2
36002
84586
9209
20
1064
1
6
54456
30306
90874
74705
24
13
10
1
42316
61379
8
9
19
14
18
2
26404
38312
66023
17
23
63314
46536
1
65148
24
27910
87992
17
12
14
10
61325
8
24
1
42832
50718
7
2
20
13
94592
19
1
83827
66649
21
9
2651
16
85753
8
2
6
24
2
74288
38421
45553
26803
66748
5860
40803
23
9
39104
10
29491
13
90640
18
70176
71331
4
14
45446
18
6
79269
68880
19
63835
7948
2
16
24
30825
1
3373
4
83694
35229
7
8
15445
60537
4519
29009
7
68285
12
90905
27565
12
83870
69034
9
19748
15
10
22973
11
41062
22
3571
64948
32006
3
4
36267
69875
18570
17
82710
12
13
62291
30903
21
54525
12669
88220
24
14
18
20
44335
36050
9
29408
18933
5
20
12
22355
77199
87044
22
10
19
24
77654
16361
36003
39750
11
74249
27323
82475
19557
16
9
26052
18
22
33957
1
98864
38699
19
67334
7
4
71108
98690
54833
42987
69106
5558
45526
13985
50388
11
23
95286
11
14
7
68073
48677
7375
55632
2
13389
24
26360
24
89226
4
11
10
64915
2
6
61940
43242
22274
86769
5
5
17
94896
37486
17
17
16
1
78230
87256
5
2
10448
28653
60591
78378
37441
36049
21
34544
20
8
10
52589
81774
79201
9
17610
14
33131
23
3
16
8
95538
40849
45778
98560
9
3
1
20
42937
62517
23
7
56885
7
20
13
18
12
12
39214
80692
8
22
22
13
51178
37734
24
99089
16
3
69642
11670
34104
97142
34891
22
12
91506
2
16
68110
18
25911
1
24
22
52496
12
8548
23
13
25891
14231
80544
22
6
7
10
68715
7
17
34977
60186
1170
65350
6791
13
53422
10
15
9
12
10
7
20639
16
74370
22442
11
94104
20121
43432
8
50836
22
20
1173
28938
20729
85889
15
23
34572
29087
14
7
9
16
84760
9
29893
17375
22178
74192
20
29944
68078
7
4
74513
4
21
8
53559
21
15
68158
14
11
11
31103
20
10
14
68130
22
9
9
2
50476
29289
70217
16
54042
21
2
18
75310
4789
89672
16460
11
82683
37492
12
14
12135
7
34912
18
3
17603
91729
28163
19
791
12
19
11
49212
17
10
3053
81402
7
15
33101
1028
71868
62615
79693
3
7
20
12
62524
4
74642
23018
41989
18
23
16243
24
51191
19
73018
5
30424
50495
55253
19
3
29803
21
46739
6
23486
18
25962
9
6
69058
30489
96397
30251
4715
16
15
15
63415
20949
6
24908
46044
94332
45521
2673
28991
18150
95617
91497
75066
24
66373
15854
70894
16
93000
59501
30576
52644
18262
6
11
33939
9
17
20
39752
35383
32786
66715
7
65600
7646
17
41854
1355
42162
12
10
17
23
99675
21259
19
16
2649
98260
8
16
24
11439
5
97705
95610
15
7
4
29103
6
19
47411
13
16
27310
1
60671
85895
18
8
3
93414
3
7
20
14762
20
7
65007
19702
7078
46509
1
23
93496
37285
7
55614
4
94745
66232
5
95247
8
12
22
3
30247
29654
4
2
71126
44693
10
70373
24
8
72825
22576
6
3323
62089
20
18
23
14
3442
94148
23
85304
2
27940
17121
1
24
10
59107
19
22
27834
42230
3
32774
71689
22
5
9
81353
4
94452
7
2
53084
10
17
72998
98410
24
62095
12
17666
19
2
16
16
23
78035
17
3
7
82181
9
54815
34771
9
92641
59228
29333
18
12
13
37049
50886
25581
20
86015
2352
92474
83768
54270
33515
5
87527
95752
22702
97781
20
10
30125
11
22
86368
7
55970
54230
94815
15
1
23
36800
66792
22195
21
82716
11
6
10
4022
6
53975
1
6
17
982
16890
12
56387
50617
24
11
17
2
14
5
40894
15
33066
22
19
9
17
5
98374
18
47090
90039
14
1
18082
88352
7
6
17
90242
24
4
12
2
54145
6
94930
49055
86137
16
21
4
60741
90515
14
16
16
56316
22
41063
3
16
70307
9
92459
10672
30200
43550
15
23
94368
13
5
92550
24
5505
12
17
35148
95503
19
41001
18
96099
22
3
20
12
84491
33133
5974
4
28656
24
8
18
24
59656
90315
1
58658
10
38020
99630
97374
24306
15
50596
20
6
67473
2
21
14
14
24
73763
8
21
44951
69625
34659
68252
14077
10
40709
15797
17
15
73928
59747
20
15
2
9
6
31428
10
72337
58012
22632
22
14
10
92669
3019
6
71290
16
3
89529
75536
92377
5
3
22335
18
8
7
24
40840
10
30765
9
99628
3187
37748
30615
8
24
17
10
51741
74676
25214
48508
18
8
18
4
76669
18
76340
30799
50070
15604
79308
76440
80461
9
11
23431
15
12
89919
93485
58184
14
94763
78200
5
24
72611
14
38536
19
12
94431
80178
10
8
14
49924
11
6
33076
19
20189
27775
81571
18
9
16
11
85768
20
67680
21
18
13
8
5
43793
12
48887
9
24
16348
96903
22
58113
68748
16
22158
77160
66751
5033
17
21
6
21
14498
13
90432
20
92060
63886
16673
22327
29642
14
14
13
98629
22
11
18
17
11
18
14
1
12
58555
99162
16
4
4
22
5504
22
67920
23
13
21315
19
53972
10
9
14
9
54815
95807
4
22
89605
21
9
96043
13
16
1
23
90064
97308
3
1
40559
4
39900
12
9
12101
5
14
14
31971
16
22
23704
63360
19
14
92247
61160
52552
24
27656
8
5
12
10
23
19
13
16
12
9
3
16
24
63405
83408
11
38842
72546
10
89480
78085
59581
3
78496
11721
14
4
63915
34263
2
17029
30695
64401
83773
22
21
8001
16
21839
45634
22
16
24
10
35081
64581
6
19
95332
9
41376
25083
19
54357
7
11289
5
24
14
10
65070
89396
7
81406
68822
62360
14
76187
15324
66621
2
61002
15
6
4
16713
4
23
72194
15
13
14
6
22
3197
48486
78099
15
24
88103
1
40762
20
3
34186
4
99633
19557
9
90770
19
43175
5391
4
7
82806
18
55461
14
13
12
9
23
7719
21
65678
21
16
51208
12
18
24
25374
24912
38346
12
1
4
17
56023
29840
14
53490
3456
4
12
60341
7
15
11194
74230
17
3
9
6
10
46037
22
11299
90465
34467
70886
2
9344
96164
11
15
22
23619
22815
55262
11847
21
21
6
21
12
60333
19
56643
2308
81859
61013
40095
32802
9
52444
68913
1
20
24
18
2
14
57857
10
37225
72328
6094
41638
23
45623
11
86981
12
10
3694
3092
23
57047
94627
21
24
14222
22
15
17378
11
19
19
23
20
5
87008
65701
33501
1
49319
7
21
10
17942
20
90575
30424
28865
6
3
69842
67245
1
9
4
19
72927
25623
45192
56706
26191
18
81537
89042
49759
23705
14127
87983
4
23903
75572
16
3697
17136
8522
70652
14
10
20
3
11
21
5
4610
22
9484
24
11
15
59005
81703
20
24935
93053
14
17
10
21
11
67503
22
4
11
1
3
6
2
87824
58250
3
16
84989
5
19
11
12
93533
6
13862
24
34533
20
22
6
2
18044
13
11
7
23
79495
15
22
9
8359
7210
75497
11807
58897
70297
60599
7
12
10740
13
1
14
24
19
15
23
2
15
17
53479
22
8
26291
89249
9
21
7
11061
14
8
14
10
95654
14
40701
21
30184
18
5
14690
21
52099
24
19
8495
2
5
16
8759
82422
21
44912
29716
67443
5
17
87160
16
77658
50398
54892
21
21
20
66927
31618
17581
13
13
6
73062
17
21
14244
6
1
1
95678
41177
55604
21
19
84891
15
5459
61427
10
19
65970
3358
15
74874
14
78611
7
19
22
14
56931
19
20
88857
65847
54222
39123
36483
95609
10
56123
35850
86501
25267
39392
89451
53208
13
5
5957
51603
1
3142
88198
58243
10
9
6
14
88083
11
12
3
2174
5
27144
60811
5
23
7358
19
7
14
38675
95748
8
13
30837
15
24
23
45748
24
4237
11
88028
19
11
62903
24
38956
12
6
2
91247
40101
5
10
23
23024
3
6
10595
64195
35784
83638
19
7
28204
28168
9821
7
60805
22
13765
53025
77509
39728
12
35238
11
90158
88579
71336
36624
8
56947
80396
17
1196
17
1783
68962
61976
8
20
16
72695
58340
11
3
7079
46530
13587
3
5
91713
4733
31984
96867
92943
1
72021
37180
75385
56709
14
27923
22
11
21
43953
24
29427
19
1
55674
17
83857
94720
12
21
23
90522
6
68984
20
65110
51270
33137
14
20
16953
10
6
39653
22
76713
42567
1
70230
39534
4
10493
87648
6083
24
55206
78537
62266
20
17
70667
13
50071
12
90994
91701
17
38009
5
4172
3
12592
46944
14
98683
76432
77107
7
10
18
73769
23
22
13
10
12525
16
5
6
17
27226
22116
85334
79981
80584
24
92831
22
24
75429
67756
87717
6
5
17439
18
15175
10555
4242
86969
33756
53594
1
98726
78437
7284
23
45158
9
14
7
37168
9
45752
11
21
77245
20
4
82752
20
26259
5
17086
13
1
21
19
18
2
16
17
5
1
18
4
11
1
66328
24
14
28415
21
44349
6365
32434
46408
43339
13
12
29091
12
17681
70965
6
17
3
16
2
63431
47524
59102
57122
45171
3101
42812
21
5
19
21974
26716
70695
14
15
24
58347
20
5820
5
79145
17086
2
8
16
8
7
18124
81105
71983
18373
76334
87538
13
43647
22
75310
14
99708
73382
81288
66701
56513
18
24
46498
9
19206
5
50669
4
5
19
21248
33883
17
15
33407
9
37821
40793
71788
73904
19
14
10
18501
5
37907
55082
15
16135
42481
18
1112
38900
18
9
8
7
43798
4
55491
42249
43053
21
34984
7
1
4
21
23664
13
40981
34947
68124
23
44007
78755
8
3
19
16
12
12010
59759
9566
23569
4806
10
15542
9
19
45587
74177
22
17
5
18
15
8
3
7
3589
81024
1105
1
3
19
6
5
19122
13122
77567
7
56200
20
19
79393
39899
80981
91855
21
63023
12
24
13385
62842
98280
13687
77258
11889
10608
3
7
21
20
15150
66914
86454
3
15
9
35365
1
36858
53673
20
24
2
3
14
10
21
6850
72229
13
97494
14016
97710
4
6
30618
1
8846
21
24
74810
16211
66597
14
32452
19
57912
5219
2222
98120
98789
26931
2
9370
20
3
98844
14
15
93931
46320
6
86468
9
4
17
3
15
5
56955
14
12
35206
4
14
21
19
19
8
17709
19814
45454
43684
18
22
14603
51354
4
74865
19
8736
16
7
22
35135
51049
43269
12
10
11
1
19
3
21
1
6
17854
11
83083
9
22
3
21760
4
96067
8
5
14
9
5
4
4
47986
37037
2048
14
45728
22
56655
9
90672
13413
8
4386
18
16
51638
13892
4
24
71048
7
47333
15
7
65857
99925
30718
5
19
20
18
21698
6
45189
10
3
39662
47350
65689
23
9985
91956
52608
40909
4
95889
14206
11
57608
57698
9
17
56751
49058
14
88142
73968
14
11
90983
5
6
19
23678
86562
10422
8
88949
13100
59269
17
77198
86171
88190
24
56791
5
69514
95055
40690
14230
6
19
61681
14
18
17
19
1
1304
86183
16
41089
21048
7
13
47631
5278
29599
99870
65227
51505
25485
6
30062
47795
2
12
5
59921
44891
22
12
59790
13
8
11
5
60845
22
52607
11
28472
36361
92855
92915
2
61169
6
19
10
40618
16
15826
84470
49198
7
78986
20
6
14
52789
5
19376
92123
52892
6
23
25638
14
74041
9560
8
7
1
6
7
77627
16
18
55371
75428
7
14
22
1
32724
27031
4
37221
9
86541
84910
73496
39958
12
39803
86569
81528
49791
9
74923
26393
11
65084
24
4
84697
48822
21217
1
37201
18
84210
16
19
58743
35131
1
19
6
43809
14289
2
62050
81225
17
13
5
21
23
37649
60461
22524
4
17
54308
19199
5
16
92723
18
25754
24
6
68718
56057
20
4
6
11
1
23
64249
11
6
4
11
11
84505
24
5917
27397
22
7
89564
78381
4
9
17
17335
17
1
75631
73664
5
14
5
23
95831
3
56680
71291
15
28041
7
97499
32745
2
24
23906
18
15
17
80990
17
21
26523
5
26727
81428
15912
41994
12306
19
61532
8
94635
21391
4383
62237
3
85309
46775
3
14
92990
23
89115
21
3
4
76346
16
2
22
10
50979
1
69775
2735
15
26881
13
17
11903
75312
10
17
46166
26037
24640
18
3
22
19
11580
36921
32228
85872
10
19
83327
39195
24
8
20
22
12
9
29246
55012
57120
18184
17
16
22
76193
16
17
43246
22
89442
21
15
72840
44812
12
24193
5
10
9
17
19
70350
24
9
16039
74712
51097
23
8212
3
4
2
22
2614
83051
14
60047
8
21
18
47923
49824
4
4
86720
12
12
75076
98624
11
14
71572
52465
19
86228
10
62695
98039
68810
15457
24
16
29787
8
81438
6
11
65086
16
3
15
16
10
47087
16
3
23
3
20
22309
84649
66789
4
12
49087
81409
9731
48357
85443
10658
15
17300
23
78536
15
2
28726
93785
41815
15049
37742
16
17
9
2853
14459
31552
10673
2
72586
22
77625
14
20383
9
61344
10
36514
11
18
10
76265
20764
22
9
10
38076
14
66389
22
14
1
21
1
87601
45911
48779
22
34558
32281
17
2533
93083
24965
83662
13
51809
15
78760
92963
16747
40491
47787
60370
7
33002
9
22
69499
15
78624
13
91204
2565
38574
7
4
98758
82347
23
10
4
5741
33404
41697
20
19
2
41314
6528
2
74600
9
3
60415
23
15
97149
49677
22
9
34268
48129
84063
15
12
73295
70567
21216
84487
85019
11
10
85267
2
19609
16
9778
7
14
2
73262
14
5
36688
17
47795
5790
11
10
58148
14
11367
44661
990
23
64707
17
17
84484
79316
17342
20
89457
98647
9
82547
65358
5
1
9
51102
6561
55183
5
48889
17
85769
52373
95035
23
36427
15
28067
56819
80846
11
16
13
16979
12
13322
9
5
14
48551
3
23231
2
16
20448
22
93848
5
11
10
23
5
6
8066
3
8
64374
16
1
8386
16
71586
20
65827
22
24354
8
54627
61623
10
7
21
13713
85988
18316
21
2
26278
11
95514
8
92611
6
5
79440
11
46444
8
16
52316
9
61860
5
99176
10
10
60705
46235
20790
29299
7
28668
24
80285
15
36825
5488
27391
15
87196
14313
58665
19
12
13
75382
43133
1
95096
5
14
46999
21
22
12
68588
53331
91701
51218
17
3616
10
24
39409
14
65962
77915
8693
4
61997
88749
10
9
24
20
6
12
24
82428
33540
57006
32200
62999
75841
24
33644
87841
9279
3
11
22
72384
58049
40987
6318
6
52702
50774
76386
88736
14
16
21711
14
12
89026
73016
17
88515
9273
15924
16
11
19
9
97491
2
19
50166
64615
10
20
7
4
9
46514
9
10
3
6
36549
81512
3
4
10
5
90227
15
11623
10
10
22
9864
13
9
19273
16
1
50301
21895
53881
17
60688
14
3
10
16821
40194
6
62602
6
2
7
23
17
14
16
9
90632
70116
47564
28860
13
7
22
92933
15
2
64051
21
79140
8758
18
13
3
16707
29589
3
23
10867
15
89848
9
4
19326
63958
18
2
58721
84882
22842
18
24
3
25940
13
19
3
41978
19
17
87347
21
2
16
88560
28575
33571
99372
67326
16
44868
7
87345
11
10
52197
51537
74484
99942
58858
38773
57102
53593
4
22941
78799
76062
3
61858
52526
2
15
30334
23
17
18
13784
19
92264
91375
2
50187
21
40348
3
13
6
12145
9
1631
15140
22
18
47354
50127
31906
10528
19
48335
62702
14
21
39861
78006
72085
13
15276
51524
25769
2858
4
4
60713
34547
12
24
4
17511
19
20
68817
70611
7
14
18
11
24
12
24
94321
95664
23
89094
14
13805
3673
24
13
55884
2
23
1
40042
11
23
16
10
83210
13
1
13473
24
13992
23
21
22
18154
20
24555
88634
53952
19
10
5
17
26662
12
96723
24
3654
18
92320
11
18585
86322
13664
31189
2718
2443
2
20
51403
11
10
79982
45378
25838
23
13
11
70221
11
6
67503
16
7
5
61123
8
6
79230
12
7
83800
71397
3
95760
48769
27711
28269
68360
61667
2
1
37612
3605
56186
43862
9
3
78384
31505
6
3
22
24279
14
30682
54039
13
64091
98081
24
16
16
20
18914
22
9
17
88476
86920
2
16
54203
66613
17
67855
2935
23
7
7
16
7
7
12
24
92421
96977
83976
99468
64714
8
79951
1
55480
1
47110
10
33763
65213
12
12
36213
78290
77299
15
15
30345
3
23
4
6
62713
21
20
76426
8
51627
51603
20
88964
15095
8292
8
68827
36998
20
89845
12
36420
26283
24
7
72409
64261
14
71549
18
23
19
15
20
36219
2
99742
19
17
16
8
64701
16
4
98627
15
79240
75684
10998
7
32053
43062
2
21
26512
1132
4
92922
7
75137
19
12
50998
18
39879
70933
1
87686
80256
2
79357
18
24080
1
12
14
21
23
9
93627
51998
18
2
99560
20931
5
8
70235
21
20
94836
3
7474
70732
19
97910
89555
26742
20
6565
41312
14
5
9
8
13
21763
9
19
34158
15
50449
15
74238
9
71775
16
15
56947
18
14
62323
23
86160
10783
13
13
4
14
13
68149
32297
6
23210
44304
18
15
38886
4
5408
46470
34570
8
7
13
19
33162
18
4
29150
10
39363
33452
50039
73351
17
24
62474
67318
452
13
16
3
52469
53286
33712
66619
83847
8
71616
14
18
76410
5
22
76993
29653
35239
61638
21
18
16
25023
1
86720
46968
88974
4201
18
54166
10
6838
94463
8
58953
21
60917
21
16097
61318
60225
70726
19
74271
92396
7
63886
1
23
18
52017
13
95224
15
82052
47578
30447
35610
7104
28446
21
18
4
69928
20
17
14
28707
17
22
32537
13
9
24
2816
49654
8
6
20
6730
14
5
6
77315
551
29998
17
4689
24
15361
11
87099
63975
63068
15
72106
16720
54129
8
17
25824
11
5
88630
17639
64640
21
8
57061
12
98942
30043
66198
12
18
47913
85196
8
20
13
84932
85553
12
20
21
24
80178
19
10210
17
97187
78553
4
14
10
10
4
1
66089
99473
81240
64190
19
53344
3
2109
34550
39618
23
5
11
15
22
24
37219
55004
84037
13
2
19515
16
31563
13
71801
17
35259
53239
11
23441
5
33128
74060
17
15
3
20
24
8
24
96609
7
22
22
24
48844
2
23608
3183
57855
14
20
94429
42279
10
13
11
14
22
12
18
97626
48241
21
39660
49107
18697
82592
13
49365
29051
24587
24
19
13
69895
55054
1
5
17
88852
99621
66648
17
7
50149
10465
95702
14289
11
15619
72842
1
1
891
8
26485
7
41940
47713
9
29595
50330
63177
53904
9
6300
7
14
14
6
96578
29777
1
94883
7
98633
6
10
47071
15
7360
7
11
8
18
24625
52267
2
87176
67231
18
16
75788
10
12
17
56487
2119
73641
89080
22
22
24
2600
2
1
22
16
94140
16
64935
26866
23911
16
94999
27400
1
15
23
75414
38031
93119
23
72859
96382
19
4
88144
10
7
83766
20
2
3
11
1
58268
14
32925
21
13
1
99188
6
50504
12
59754
20
14
10
77265
2575
9299
5
14
91149
13
17
19
10
59250
18
46590
15
47351
47502
12
86336
2
92312
19917
91306
62408
1
39640
22667
14
24
42566
96453
9047
5
2441
8
64861
9
21
87235
4997
2
52807
98778
76887
13
49168
18
5
4
43519
63982
11
8
24
2
40491
4167
73918
2037
11
23730
6
27516
51656
17
22
11
76918
10
13
1
90636
73371
10
6
70938
4053
7
5
35278
9980
8
15
4
16
7
66753
78154
5
10
40281
10
32317
94794
17
7
15
10701
10
76172
7
75458
24
79627
96535
21
24695
83037
34713
24
93584
13
29109
24
2
10
18
45981
21
50931
91225
16321
60447
24
5
7
5779
10239
22
98554
21
22
54917
2
67408
78335
30591
72395
13968
2948
70594
6
14
46461
9281
10
4
5394
77075
34941
21
10
95206
67527
64106
1
8211
22
23
15533
9
32315
77357
27828
18
18
14
21
46530
18
4
23
80445
1
19
18420
62924
4
38651
23906
61869
22
38863
10
97644
48206
81334
81776
2
37591
10
7
26964
78016
71185
13
1
47429
14
20
18
10
12
9
77859
24
8
86962
5
5
48416
45911
23
6
69723
18
17
24
33936
72922
9
18
70964
8211
8538
8
3
86879
19939
21
78259
20480
18
15
57784
6
10
22
21257
78103
21
34021
23
37108
4
18217
11
2
13
11
5
24
5067
61093
19
79931
96272
69378
50891
7
9
15
9280
9
13
25094
22
35334
69254
22
21
38875
30442
24173
3579
73207
16
18622
16887
89316
12
17
50581
21
16
29920
1903
9
16
6
22
97205
4
29191
65652
32726
3
91761
2
13
92334
17748
7
24663
2
9
47696
92946
1
70256
86187
2
10
11
11
42530
20
25840
98254
71526
19
77557
48727
19
1
96741
51027
18
60423
1
4
96519
4
50929
84470
8255
19
85644
4421
83377
72415
27715
5
41071
85109
19
83173
17
20
76736
3
62565
24087
6
26918
49210
13
20
55103
54546
9
73525
13
23740
4281
85119
16
50890
2
3
31618
18
18698
22767
89416
11
11
41226
13
60610
95128
97555
20
21
4
96640
95305
17
14
17764
24
73877
24
23
73330
1
27743
18
19
67226
12
81346
19
16
58362
11
8582
19
10
12
12
15
81125
1252
36067
1
11
63747
8257
99583
5
13852
5
13177
5
86273
9
9
15
3
70402
68007
24
35329
23
20
1
74710
6
38347
9
74936
1
22
35540
13
91139
17
9
5
18
87326
60193
58690
13
18
24
43454
21
13
20
21
74837
21
23
74894
18728
34667
15
42870
10902
22
43657
8
18
6
1
21
26511
9273
68906
77719
20
2
48165
8
3
84604
79897
49652
44059
5
86881
14051
12
13888
10
