5765
-3119
8595
-9955
-2160
-5308
-6901
-6172
1994
9497
-9552
-6149
303
-8700
7551
-9637
8392
5417
9570
7249
-5929
7892
129
-1215
8030
4892
8205
-3594
-7947
8654
-2568
-437
-7559
-2045
5614
1772
7525
6575
-564
-7342
9882
-4141
1072
9445
-2810
8631
-3031
5867
-6583
1316
-1783
9950
-5978
6808
9519
-3836
3972
-2848
1602
-5686
-9204
-8677
3464
1024
1817
6718
6413
2575
-7770
3927
-6730
9455
4434
-6506
9509
3483
-411
4371
4885
9752
-3364
-9763
-6261
-8406
5673
-4894
7072
1314
8842
-3860
6840
-6869
6819
5363
-8473
-575
-9220
6334
8630
2224
9810
4156
694
2477
-9891
6614
1684
6255
6938
963
-918
4939
-1307
5276
-5662
-2801
6840
3160
8773
-2354
-3547
-1562
-1547
-4526
4668
-664
5447
-3542
3755
-9574
4321
8097
-4915
-2289
-3547
7454
-4798
-7579
-9907
4393
2467
-1935
-6673
-2964
-4962
6875
-6770
7066
-3111
114
-7826
2696
-4841
-1267
-470
-3521
9355
-7774
9951
4119
-5055
-4609
-5300
-7149
5977
-1683
-9551
-3511
6589
-374
5356
-6969
889
-8584
-5263
-7798
1822
-2587
-1143
-7272
9466
8980
1091
-5798
1671
104
-2815
-432
-5049
-9693
5374
6576
-7242
-7091
5975
-9761
-8043
-2559
9606
-9367
-6177
722
-3999
7707
-9998
-5013
120
6476
-1893
-8650
2908
-3763
-3872
-3712
-845
6357
-2057
-1454
-3604
2013
-1636
7912
1882
9530
-7364
8118
-2615
1631
9895
1826
6345
-7206
-3178
1573
-4613
5134
7392
-7073
-6246
-428
8897
-6886
5329
9148
-2614
-7432
605
635
-4888
-8603
-3442
-3363
8255
7082
4084
1246
-5240
-926
-9115
3552
8555
8874
-8702
9397
-997
-1101
2376
6377
4471
-3882
8115
6188
3053
-5295
4050
8708
-6539
-1436
-4900
8665
6439
-6553
3899
6388
-289
-4800
-9524
-7013
2959
-7988
3293
540
-8297
-5113
-450
-1025
-6867
-5439
5317
7934
8965
394
9436
4783
8522
-7188
-7537
-1163
-1138
3440
7915
2183
5797
7573
8203
-1127
4153
2817
-515
-5642
5904
4739
-2425
2780
-32
9482
-7212
-1382
-7848
-337
4685
6340
-8168
-1155
8045
-8164
-386
-3586
-5525
-4493
193
-5610
2911
-6973
134
-5257
-6927
-7344
2002
5792
8393
4618
-9714
-2392
3707
-2413
-1776
9714
6004
5418
-4839
8355
4698
-4975
-4669
-1425
6633
-8803
-8551
9227
4218
-9360
-778
7740
-8818
-550
-1125
2665
3196
-7078
1359
-3762
8815
1640
9913
-2796
4446
9069
2143
8095
-253
9650
-1442
-6150
-4292
8006
-1049
6309
634
9790
-114
-628
-2112
-4718
-857
-5709
-254
-1351
-6455
978
7441
8613
3649
-1142
3490
7521
5798
-1003
-9600
-4847
3039
1138
9870
-6939
-9766
4573
7049
-8134
8195
6329
2277
3956
5703
1670
9739
-7778
8154
-8307
1221
1401
2010
-5397
7397
-7261
-7029
-5802
-5470
6679
8380
-545
-5079
-5954
2529
-932
6310
-5730
-8603
-5892
-2410
-7250
-1638
7568
1213
3876
-6866
361
3893
5801
-8357
1620
843
1869
-6458
-8666
-8369
-5135
-7929
-9663
-1795
7995
9934
-8357
-2941
5014
9578
-3134
8079
-3083
-1301
-9035
-2966
-8481
-4551
9639
8463
7123
-4535
3117
-8406
3632
1060
6191
9427
-2921
-9091
-6521
-629
-4727
4585
-6338
3487
-3042
5128
-8922
-2431
-9146
-2608
9672
8012
-5468
5745
-7627
7332
-3150
-603
-9355
8439
-1023
2685
-453
4162
7437
4404
-664
-6158
1709
5187
-1251
-1299
-928
4108
-6842
-5313
-190
-9445
-5695
-7319
-4442
3648
2895
5283
113
916
3795
7243
2183
2160
-8200
-4425
-8517
7393
6106
874
-8299
9198
8608
9895
-6060
537
7480
53
2077
-3416
4578
5323
-3240
-8407
4050
102
-7769
2282
-9247
2773
-439
-3133
6189
9090
4986
-6306
7701
-1611
-5405
-2385
9975
-1178
-9069
-1933
1823
-2296
-6292
-8759
-2213
-7887
-3520
5415
477
9988
-6653
9523
5134
7166
-1749
-7609
5950
2954
-2124
-1728
3489
-2193
-8747
-1570
8465
-7320
-4019
433
-9834
8507
5834
5426
1711
-9995
-6506
3636
6946
5686
-552
3147
-5186
-5921
4907
140
-3124
-8829
9759
-4423
-2042
-1643
5970
7815
-6001
-8496
-6773
3725
6955
9870
-7998
6067
-4248
1384
-3404
6965
-5345
4226
-8556
892
-637
-3575
-4281
1670
9802
-2369
2921
-8598
-3420
1921
-4828
-3336
7928
6450
-8088
-5568
8215
-5496
-4313
-4027
-6191
-9847
2383
-7910
-3461
6284
9016
-8352
8134
-7944
1142
5088
-7444
9290
2157
-9008
5051
451
8441
1947
-2949
664
-1306
-7394
9402
-2310
2833
5349
-8367
-1090
7051
8767
-9006
9413
4158
-2555
-981
-831
-1910
-7520
-8288
-520
-9875
8130
-665
-5285
6140
2082
8778
1314
1668
1631
9709
5753
3677
9783
6671
-6886
3838
-303
-6797
-9254
-6399
-630
-3885
-9258
8111
8854
-4018
-9667
9464
-3969
-6319
3383
-3884
420
2907
5304
1072
-4113
-239
-3586
-9455
5744
-3389
-3702
3478
2234
-6260
-5317
709
5353
-4143
2053
1770
-7050
-787
-4655
7500
6369
1367
-7279
2473
573
3753
-9307
-6202
-7867
9025
-2837
2410
-9194
-2062
4023
7042
-6866
3611
-4473
2556
3693
-5735
-8688
-3185
3702
4722
9954
3726
1999
7591
-9770
5086
-8041
-1032
-2417
-7114
8037
823
-9819
-9372
-65
5517
-3797
-7223
7976
-1618
-5927
-3382
2301
-8204
4268
3503
-4510
4306
-3951
-7524
2231
-7534
-8104
8970
8051
-1681
5185
6777
883
-4321
2809
-5996
9105
-6080
-5214
9216
-5196
655
-2808
3461
1293
8022
3347
-5188
5912
6677
5402
6389
-4110
5545
2266
2275
3132
-9300
-5005
9594
1206
7538
-7102
865
7395
-2769
7374
-8343
-4533
-4283
-3330
-7776
-8165
6904
-3211
242
-1004
206
-5398
-4241
7351
2894
5343
7961
691
6726
-2058
1982
-2799
-4882
-3936
3113
3721
2018
7900
-5770
3604
-572
-2182
-4581
4602
-7460
-5037
2536
-5920
5080
4592
1794
287
-9373
4174
122
7208
2926
-2653
8470
2453
9245
5391
6295
-5919
7910
-2272
-648
-7903
-3345
-9366
2378
6471
3854
-4798
7348
7447
-5880
2263
-9967
2887
3592
3375
-9497
-545
388
5003
-8254
2403
6034
5298
-9007
-6486
-6676
-1583
4693
5184
5460
7710
3662
-9175
-4215
8565
2134
-3726
-3089
3224
-3281
5891
-760
-3656
-3607
1580
6703
3611
-622
2457
-874
9137
983
-6259
-1151
5562
8179
-6046
-9622
5506
2032
-8875
-8326
3623
-716
6516
6030
-2943
5224
8345
-3878
-1369
6052
6793
-7590
-7898
8976
-8570
-2825
-9607
8468
5041
-8129
-3380
-3718
-902
-3408
-654
9307
8314
4841
1761
4648
8439
-1663
-5870
-185
7049
7020
1851
7829
-3381
9860
370
-9081
2936
8963
9150
-3486
-2855
-4013
147
-7773
-9667
-6140
-2510
-6545
335
-6719
2249
-7528
3755
8007
6755
5707
-9905
-1178
2142
1640
3352
8939
-6079
-2374
415
-3571
-9540
2000
-3540
8447
-1920
-7972
7027
9340
3167
-7548
9327
3236
-1679
-8289
-5692
540
-9108
-9274
8523
2614
-9264
2264
4571
2561
3356
-5586
-1466
-7364
3627
-3618
8069
-9808
1995
-1183
3057
-6111
-4102
2939
-9542
-685
5264
8032
6675
-8502
-1388
-4591
-3934
5189
-4805
6162
-4941
-5144
-2733
-2971
-7309
2993
2038
-643
2815
-3472
-4228
-4094
-1815
-9820
1132
6893
-3212
-9278
-3931
2171
4955
-3052
1935
785
-8219
-3824
9043
6750
8351
-4441
-3524
-817
2479
-8118
9526
-5633
5067
-3637
9703
4645
-8332
-8584
-3338
-3584
9282
-8390
-3212
55
-9185
9647
-2273
6301
-5693
3086
-2014
-9083
2418
8517
9507
-1988
-5591
1931
6155
9558
-6430
-3980
1182
9597
-436
-3805
-833
7552
-6169
-7460
-7319
3488
-4093
2902
8898
3190
-5852
5550
-5449
3048
-2911
9741
-565
2826
-7875
-7667
-9401
6987
1601
-4041
-9164
8640
-157
-7432
-2700
4742
-7933
6321
-6578
-6891
3278
-6627
-9896
-8034
-4558
2780
7347
-1990
1088
2382
-7462
-156
-2234
6438
-2622
-2830
-4339
-2161
-88
-2276
-2873
1442
-1624
7033
412
4447
413
2503
6738
7312
-40
6114
3320
-2175
-5777
3643
-4842
7947
-3337
4224
779
2850
-8202
9987
3821
-9550
-8491
7198
-2723
-1907
9497
4409
6153
4114
8345
-632
-7177
-9686
-7851
6951
4594
1420
-9177
7652
3703
-3153
-3971
-855
-8401
-5484
-3121
8972
8893
-5117
5851
8337
5188
-8385
8318
-6440
1060
-2084
748
-8522
-8901
-122
-9268
6644
4738
-5916
729
4072
-5407
-7216
-2050
6672
-5431
-3102
-8478
1712
9581
7795
2371
-8213
-5109
7242
-3983
6944
5738
7692
5924
-1617
-7012
-1355
-5782
3076
6875
2416
-235
8086
-2971
-9512
-8597
-4743
8970
-8635
6707
5550
6642
2488
4087
-2233
1504
4610
7060
37
2302
4864
426
-7191
-119
1481
-3409
-4330
58
5319
3939
6813
1779
-1095
-4980
-8422
2768
6884
-5301
-3584
3955
-391
4040
-7207
5880
1085
-2929
6593
-549
9037
-6171
5346
424
-6717
-2413
-638
2185
-8432
4426
1236
4752
9379
4563
-1417
1381
919
5147
2275
-6930
5424
4856
7003
-5052
-1577
1140
-6019
-6650
-9927
7709
-2668
3193
6492
8455
685
486
6220
6204
-5236
9572
8743
-7648
-5310
-4274
2306
-5595
6598
-1054
-8900
6287
-7446
1646
2638
-9790
2931
5441
3842
1836
8796
9748
-8929
8396
6044
1738
-4528
-4396
-549
-163
-7752
-4751
199
8276
8128
-1587
3781
-6951
6522
-8378
8348
-7244
5786
-7455
-2603
-8136
3392
2294
8129
-7738
3595
-6676
1025
9869
-4621
7231
-1318
7692
6578
-8159
-9361
-9496
-2043
-2975
3915
-1853
-6456
-7456
8619
3386
6266
-9321
-5872
-9822
-4631
-3033
-4165
9108
-767
2911
1537
-7495
706
-2395
-7207
1879
5783
-8196
-5882
1718
1686
2041
-6651
-5125
5348
5890
1515
6701
4848
-9774
2848
8131
-7588
2092
3073
7801
6610
-3772
3589
-2751
-7512
9453
-3769
9625
-4966
7439
5908
-9240
1868
2743
4395
1488
9246
-9907
-9672
-9354
-8595
4825
166
2201
5718
-5880
-946
4768
-2173
8293
5490
6727
6044
-6198
-4292
8045
6795
8316
-4045
6573
5304
-2893
-9763
1139
6951
4848
-2957
9734
5387
-2235
-3509
7564
-2538
4189
-8921
-425
41
5259
6786
896
-692
-4791
-4345
1026
-636
1347
2747
6275
-1300
-4932
5441
-2720
-9853
-3196
-7530
4497
-6660
9719
1384
8104
1113
-3120
7185
190
5730
-6425
1109
-2555
-585
-7580
3934
-329
9886
-4341
26
8466
2765
7167
-9060
-2621
4846
-4085
-1642
7213
-90
-3424
6233
3383
8148
-3451
9108
1642
-5436
-4124
8427
3673
-8478
-3121
-4843
-6299
3832
-670
-6399
2203
-7063
9097
-3870
-3593
9726
1412
9723
-7321
-3214
-1466
8619
-2969
-9380
-7678
4526
-2203
-9144
4718
-9916
-57
-3612
8446
-9694
2505
-2418
8956
1526
2597
-7064
3609
-4986
8656
-4511
8805
-894
8774
-1053
9012
1556
5070
-151
1507
6466
-5350
227
-5950
-9303
4821
7212
4708
9990
3681
-4821
-5025
-4481
9178
3276
-8471
5507
8891
3007
-9905
-5779
1123
-4427
-717
9442
2144
-616
6094
6702
9549
-9587
-9152
742
3222
7025
1004
1041
7352
-771
2290
-7257
-8034
-2613
-3223
-29
-593
-2028
-2720
7061
8978
9776
8179
2834
4016
9252
2396
3652
-1454
-3708
5818
-8753
940
-2277
-7032
9447
-9843
3131
-1499
9104
6467
2320
-4529
796
1447
2898
3493
-1055
1289
5330
-9731
-6033
831
-546
7677
-4347
-7434
-3127
-3480
7579
-4864
4058
3820
-5468
-6873
-2592
1431
8102
-6525
1377
2148
-5575
-108
3939
4598
3891
-6791
-1696
-7452
-8699
9706
-3588
7969
7490
2079
-7795
4870
2428
8405
6293
-4058
4842
-9753
-6248
-5482
9710
-2371
-1711
-8970
-9485
3400
9697
-3472
-9602
-8
-2073
7369
-8341
-9433
-413
9230
3684
661
8831
923
9519
-250
-6257
3265
4500
119
-6333
3377
-348
-6136
-4319
4620
-5674
-9526
7247
-5114
-5415
-6154
-8920
-8880
498
-9475
6007
-6108
-5425
7052
3282
-1770
4215
-9862
-4751
5492
-9132
-7263
5178
-3680
-3366
626
2333
-8126
2677
-4350
-7046
-9219
6563
-5496
-5774
5914
-1838
-4501
-1817
-8092
-8057
-3087
3719
1128
-8215
6750
-2762
-9096
2811
4688
1782
6104
2330
-7010
-8079
8086
-585
-2402
-2498
-4118
8073
-2097
4467
7522
-5468
-9716
-3088
9700
-316
7992
-920
4166
2022
13
-1461
-4968
-3144
5659
3701
-4544
4582
2628
-7074
2475
-3583
-3388
6954
-6958
8179
-463
-6641
3304
-2187
9858
-3782
-5364
-5565
-361
-4404
62
6773
-5463
1336
167
-1016
6405
-7665
-3253
-7875
9093
7710
8321
4494
-3799
-8443
-7904
-1995
8186
1005
2005
-2459
-4918
-2729
5585
9280
-3823
-8958
-9950
2793
4457
9365
6894
4661
3627
-8964
5000
6410
-9770
-7959
9622
9132
-6710
4886
-3618
5547
1660
3778
-6802
5683
6450
-8063
-5371
2224
-2464
9706
-9658
-5764
-6815
-8910
2640
-8118
-6687
531
1982
-702
-2819
3824
-5396
-9915
3314
-9982
-2062
-1017
-5663
-4415
7166
5864
-6864
-2890
-9790
5544
-3636
-6011
7750
-7011
-3449
-9290
-9481
-1736
5515
-847
6622
-1866
-5367
-2089
5420
-6435
1513
-3623
4591
-8054
8413
-9995
5451
1342
1184
8900
-1809
-7896
3104
9148
-8932
102
-8005
9548
4703
-367
-1854
-1084
-696
8014
-4833
3566
-6122
-6397
4115
9360
5828
6557
-5724
-6756
907
8170
-9396
-7883
5895
9033
-7058
-9705
-9534
3817
6650
3499
3231
-2529
-8942
8988
9477
5063
-2770
615
-4180
-2666
-907
-9293
-7285
-1722
3601
1988
-7500
408
-3718
6579
-7661
8057
7806
-6522
9471
-5097
-9650
7940
9625
2827
-5334
-8185
-3067
8354
9158
-9000
7149
3550
8782
-5085
-7459
-4449
5552
4359
-4301
2499
8125
-9750
682
8277
-9419
4155
-4013
-9538
9226
2488
-8309
1586
6853
5298
-8855
5327
-892
-3552
-1586
-7058
-6770
2396
-6402
8146
6918
2792
9455
8593
1330
-8302
-5099
-1003
8569
8220
4245
7567
-7319
-5650
7246
-6121
2928
-6697
8028
-7972
-9756
1769
-7520
1877
-6936
-7329
7851
5318
-4278
4909
-6100
3422
4552
841
2211
-963
-3427
267
-8339
4186
9798
3163
5947
2308
-1297
2986
-6872
7232
4230
-3788
4392
-1986
5404
473
6560
9687
4612
7178
-4493
1249
5721
9755
2361
-2179
-2853
6991
6350
-9151
-9039
-3688
8463
-3327
-1897
-2259
-8416
7598
-5047
942
3039
6580
-5192
-769
6414
7811
400
5042
-1024
-4212
6838
-5724
4576
9210
-6499
864
-6026
6299
-2388
-5873
4096
2533
-3736
9164
-9019
8655
-967
9039
-8953
-7539
-8622
-7773
8236
1367
-9952
7390
-9285
-8205
8932
-1070
2979
7180
-9134
-6159
-3571
6655
8631
9457
-2352
-4806
-3371
-6394
5118
-7334
917
1673
-3007
5970
7040
-3421
-9373
-9986
-1081
-8362
-3623
6346
6727
-911
-8693
-920
7691
-8059
7456
4149
-3225
9
-6040
-9061
-225
-2531
-2470
3338
8753
-9192
-3548
5292
9162
5739
-7151
2671
-5232
4929
7415
-9132
-1051
-5678
293
1277
4929
4885
267
-2999
4556
-2325
663
9114
9774
-3044
4836
-6093
-9954
-4212
-396
3945
5878
-9773
-4330
4580
-5160
-2576
-3356
6577
-1275
3400
8801
3878
1670
-4254
2504
-596
-6518
-6691
1692
5190
1795
-8691
-6365
6233
-9081
-8479
3999
-5416
4050
7295
-4365
-8268
-7074
-1768
155
-3057
-4435
5732
9321
3694
-199
-4368
4101
-1701
-8104
4324
8918
5381
-1455
-447
7356
3327
-3697
2913
2705
-3764
-9546
3026
-4058
4036
-2590
-4913
-9062
7363
2776
7987
3428
-1421
-8214
2914
-3706
5569
4213
-5634
6070
-8847
4761
8635
-9196
-4573
-6903
-1243
-6710
-2141
2869
-9689
451
-128
4807
-2057
-324
8229
-7698
-8613
1088
1297
2605
-3049
-6742
-3372
-3847
552
871
-5191
-7993
5542
9298
-2598
1549
2312
6694
-9099
6125
-7116
750
6018
-9069
5446
6479
-2977
8102
-5331
3335
8548
-8416
2096
6830
-9547
-2007
9
422
-3297
-2042
-3982
5194
2336
-8584
2535
7872
5766
-4784
5285
-8559
-3709
3982
1360
-2275
3244
-7111
4824
-9071
7507
3433
-9815
2788
1427
-4854
9891
-9998
-6121
-7096
-5982
-9477
-3778
7267
-8773
4738
-3236
-343
-8199
8014
-5377
5240
3798
9663
7183
8073
9380
-7763
-2489
4595
-6381
-9982
-6963
3899
272
-4858
1497
-6379
-8223
-3082
5728
-8145
-7959
1232
-6986
-2069
-8601
-5677
-9106
9003
-3066
2879
7414
-1695
4993
-1740
1336
-6153
-1325
3628
-8399
3668
233
9347
-7569
-5259
-3027
9252
-6817
-3419
9601
7937
-2298
-7796
9354
5188
-2225
-5393
-6582
-344
-776
4333
-9468
4862
7481
-2885
4775
7913
-9923
-4536
-5667
4605
2065
-8692
8680
9905
-2583
-719
4099
4227
-1637
5801
6173
-6800
1885
-8395
7049
-9455
6620
-8656
4889
7538
336
-3554
8043
-2008
1437
-4926
-6419
5904
1321
676
113
-7494
7727
-2291
-9672
-9337
-5641
-4219
5092
2649
5192
7394
-738
-7847
-1644
-3888
-1500
4773
-3319
-7081
-8310
7508
1198
2590
7130
-6771
8942
-8390
924
158
6481
4928
1279
-9130
4946
898
4271
-2554
5807
5743
-7957
9000
3135
-1449
7671
6666
-644
1951
4702
342
-2357
1970
-1471
-4785
4166
4787
-2852
-852
642
-6464
-1641
7834
-9664
-4449
6436
-4350
9170
-4084
1809
1163
-6004
-8097
-922
-7856
-2955
1119
-1883
1710
6068
-1561
-1000
6247
-5886
-3989
7451
-1794
-4870
2122
5523
4015
-3264
9078
7689
-3211
5497
4511
-4197
-5749
-3552
-8503
-8036
9301
-2183
-1130
-999
-1604
9365
-857
7183
-7598
1028
2021
2150
-9874
7175
8954
1576
-5949
-7424
9987
-9097
4126
-7256
8032
7185
1976
-7765
8099
6815
2602
808
-7981
5788
7950
9997
831
6338
-5853
-842
-4488
9261
-343
8319
-303
-8811
7213
-5307
7297
-3455
-6285
-7747
8932
-3289
66
8318
5197
7422
212
-327
5947
-8133
-8125
2393
-1823
-3218
-2438
-491
-3749
-1393
7042
-945
-531
-2463
-3197
9930
-6975
5728
-9419
2535
-9193
7265
-2543
-6612
-4434
9594
-9482
6856
-5692
4223
3149
-4735
-8014
8846
3911
-7139
-8119
1831
4587
3273
-7416
6109
8804
4089
-7944
-2563
7173
-7846
-7581
-8274
-9956
1590
6897
-4196
-6381
9993
-8436
-3840
-956
1718
-7474
-5722
6208
-9088
-8497
6446
-3473
9117
1838
-6328
-3191
-2036
-8900
6978
5033
-5409
-5564
5109
5427
5775
9218
880
-9311
-4115
3494
1856
4936
-6642
602
-5367
-3588
1478
3095
2140
-9284
7355
-7822
-3591
6900
1195
9341
1352
6827
-4576
3246
3994
3437
-5252
-8015
-5465
271
9827
-9664
-6022
-1463
5480
-1605
6671
-7858
-3385
2218
7907
-405
-3159
-6174
3231
-2605
-6757
6896
5864
2944
-4261
8183
-8825
-6923
-7349
7497
6408
-7931
-3565
-906
-1034
9113
6080
-5016
3707
-8982
8672
-9898
2857
-2616
7924
1427
7635
-5497
-2357
824
-8268
-2471
2448
5648
-5017
-9081
-9759
905
4335
6992
7430
2237
9744
-6809
9355
-5463
6327
5181
-4873
2180
-1566
-4512
4197
3630
-3746
586
8598
3847
-7616
-1762
-9628
2987
2108
9143
-2052
-7789
5647
-7920
953
-1584
-9308
-7118
2446
4756
8257
-5035
3517
6843
-1574
-2626
-8199
-4557
2191
1574
-3120
9062
-3071
5679
2455
-5852
879
3599
3644
879
4905
384
5791
7456
-3111
6230
1145
-1231
5189
1043
5477
3990
5746
-1864
-9864
4165
8286
4229
3302
1747
-7815
-5340
-4860
5669
-9508
6652
1375
1388
-4446
-8400
-6892
6492
-1902
4270
7375
5445
3447
395
-7697
2652
-131
-4818
9651
1166
-5743
-1568
-3514
-8431
9449
5889
-7323
1488
2675
7555
510
-9121
-3767
-3322
-3585
3857
-3388
-482
-4757
-120
-8536
-7266
4895
-6680
-9339
4204
4627
-4869
-1464
9268
1109
8579
1059
1825
-2073
-4979
-7265
5594
5591
-2075
-6811
-4409
8293
-7707
5660
-5952
5963
3316
8698
-1386
-6323
-7437
716
6969
5492
-5908
-2006
3278
-9352
5850
-3989
-9215
-1104
7449
601
-8573
2800
-452
-390
6553
3911
-8943
-9992
5294
7926
5937
-6011
4248
-311
1845
-6523
8052
5677
-3148
450
-1142
-5755
-4708
2921
659
-3053
7973
1324
6224
-6594
-604
-4139
8733
8372
-5750
2913
1993
5009
-6035
-1281
8778
1158
9114
-9025
2509
-4021
-7178
5502
6191
-4264
-3810
-3535
7885
-6702
-8712
2959
7472
3262
333
-1193
-1413
2605
4392
4462
-6082
-1511
9129
-313
3781
-9283
306
-2214
7211
4785
1581
-6451
8823
5563
-4468
-7027
-2451
1690
2113
-8828
8575
8990
-8437
-94
-6729
9052
-6708
-3547
-1869
6375
-9460
7546
-8297
-7464
-2835
4931
-6728
8550
-3380
2759
4939
9400
8936
7306
-2350
8037
2218
-3316
-6209
-1733
-1432
149
-371
6647
6077
5997
9643
-9381
266
8793
7982
-9535
-4479
421
5966
-7236
4673
523
7232
-3508
9082
-3488
8756
9663
4319
-6089
8795
1582
-3599
9778
-3893
5619
-8389
-6772
3560
8308
-8380
4198
-10000
-3790
3437
-6059
-8440
-2653
-1373
-1723
662
213
4074
-1123
2611
4967
-6554
-2780
3904
8167
-1931
5178
9791
-1783
-2174
-1288
7225
6860
-1619
-429
2442
-4418
-9899
-4841
3763
1081
5476
6575
-7361
8905
-908
-4969
-9477
-7903
-1969
6240
1221
1010
-3882
-7606
-5509
2797
9747
6931
8571
2701
88
-8792
-5811
-6924
5741
890
7508
-921
-9697
-7333
-5652
-4837
3570
8443
-5982
7583
-6418
-6324
589
-3658
-9528
-2233
6939
-9781
6670
-8623
-9624
-222
7383
-2961
8318
-8483
-8737
-9709
-7661
1796
9985
7151
8004
4425
-8527
-4245
-6266
7491
-9900
-11
-2271
9276
-3578
9317
-6354
-914
-3030
-2937
-464
-9292
2699
-7167
-164
2652
-4683
-8319
7510
7197
-6084
-6045
5480
9890
854
-4449
-1119
-3878
8249
-9813
-8997
-2541
-7822
-3565
-3439
2127
-2890
-3659
4478
-7144
-1143
-3686
6218
6985
-5107
7670
-3510
6594
4795
3733
6959
9589
-95
4016
-3447
-1339
7628
2179
2108
-5545
-9358
5404
8320
4165
-5083
5855
-1469
2543
5356
8290
6264
8702
2708
6947
-5970
9126
-2611
5199
-3052
5922
4284
-2502
3740
3295
644
606
4685
7502
5352
-698
-463
3744
9515
6066
-9251
5096
3427
-4285
-3624
5241
8226
-7377
3930
-5989
-3480
-5214
-6219
2969
3496
-9694
2074
-4455
9248
-8135
7565
387
3754
8265
-4859
2186
25
-6531
-1843
-3374
-4185
3515
9071
159
-9669
8764
4770
6637
-6743
-8140
-2936
1620
-8184
3894
5708
496
-8409
-3341
1699
-9514
-2108
-7973
-774
-4906
8476
4621
6226
-9980
2621
-7860
8169
6368
5901
-3451
-4513
-4719
5911
3402
7473
7981
-8442
-5795
2222
-7123
7661
4710
-449
-9409
3841
-3363
-9914
4272
-3479
-2905
700
7827
2105
4427
-7356
6016
2074
-5325
7235
-7597
-5827
-2516
-987
224
-5004
7115
-5210
2190
5910
1130
-4415
-3358
1989
6314
-8830
-3406
7927
8357
253
9081
9956
-9492
3049
-7399
-2485
-2861
-6063
-4190
7038
-6258
4921
-4599
-7530
461
-7625
-8526
3510
2663
-8546
-4525
9861
-9300
3678
-5030
-4124
-1336
-877
-3901
1061
-721
-7964
4818
-5863
-716
-3887
2781
4973
4417
985
-3818
-8390
-7983
6721
-6810
-7760
-3031
5099
-9720
-4312
-1159
-7785
-9490
6519
8654
-4527
-8045
2831
6739
-2090
4758
-4324
-7812
-4767
1108
7602
2682
-402
6467
7235
2289
2921
5781
-7744
8496
6755
-6596
4439
4772
-9734
7898
2847
-5735
1907
-3919
2746
-4025
1371
9799
6603
4332
7893
-713
-6458
5265
8069
-7196
6813
6450
3575
5642
3475
4906
-688
3439
3471
1892
-8425
-9285
-5085
-7943
-7523
1542
-5333
-1908
9926
6759
9748
-9733
-9646
-1799
6999
-4664
-6983
-6345
-9941
-1216
5739
2357
6152
6375
6456
-7884
-7795
-992
5691
7854
-3228
-6632
6789
733
-8463
6650
-6166
-3396
-5604
7967
-7598
-3387
-4276
2429
-7001
2023
-4719
9256
-2824
-8629
1200
4461
4075
8301
2501
4135
1861
-7877
-6696
-1415
-3348
6161
1256
-7040
5973
4349
-1503
-3473
-9802
1085
6200
-3873
7768
6307
9504
-988
-2861
4202
-3545
-5532
857
9156
-5863
5892
-6345
3099
-2626
1139
8689
9991
2926
-548
-1740
2921
-9181
8273
4974
2446
-5087
-5064
-5234
-5220
-138
-2809
-7400
8176
7787
3324
1975
7309
2451
8083
-1537
-7573
9479
-6908
5447
-7934
-2078
934
5142
9705
2179
5327
1203
2298
8663
-357
8587
-683
6547
-8218
-5758
6340
-7693
-7865
-6518
-4719
3201
7692
3556
102
2353
-8001
-9226
2913
3077
-7258
-2332
1010
1446
-3379
-6406
2212
-1280
-2123
3543
5002
7666
-9676
9926
2768
9179
-2694
-9310
-393
-5427
-8966
1891
7029
7728
-1567
-5301
-5567
-9989
-624
-719
8901
5182
4347
7054
-6112
6459
9037
1265
-4241
-6053
1006
-4347
5287
6022
8950
2375
897
9411
1884
-1395
-4404
-8796
-6264
4379
2037
-3589
9821
490
7281
-9198
-1394
9558
9701
4328
8582
2646
2154
-8153
-5938
9777
6664
-5630
2057
-8824
7537
1649
2975
-2597
-7562
1596
8777
-6791
-8371
-9795
-8794
4809
-7369
-6242
-5886
-368
-7109
-7628
4282
-5871
5909
-8697
-998
6721
-8002
-7944
-2076
-6570
-2421
-7739
4948
1464
6296
2531
-2209
-9883
-1048
2888
803
4726
-8088
2729
4866
-9805
-9322
7352
-3837
-4041
-83
3419
5054
-7889
-5886
6324
-7485
3803
3988
3414
711
-5751
-2992
1841
-920
2394
8828
8172
-5439
9592
2247
-8998
2867
306
2472
2608
-1098
9503
5484
-4525
9586
477
5526
-6923
4694
-3745
-8149
7813
-22
-4452
-1519
6631
1839
655
-3958
-5450
-4823
-6552
-1245
3707
8458
5731
-2544
-5840
6610
-2244
9474
2488
3347
6151
6299
2702
-3656
6787
8696
4270
-4969
9708
4621
9426
6913
7766
-699
2859
-6748
-2636
-3930
-6402
-3869
-2339
945
-6699
-7472
9185
2135
-1831
5846
5977
-4984
-5279
-4300
6299
5173
-369
-7040
-4197
1765
9428
3715
5064
4192
-2427
-8076
5193
-5698
7655
-9147
-3791
-9793
1836
7879
-1572
2520
8926
-1028
1004
-2607
7577
800
-9508
4609
-5042
4083
-9282
4125
-5567
-8660
-162
2642
-2276
-7017
-707
2463
-9146
-381
-558
7681
-144
554
-1203
-2991
9397
-4021
9508
404
-7977
1470
-1495
-4234
-5098
-221
-4040
3002
7447
-5734
-3476
299
6177
-9847
5814
-5348
-101
5878
7518
-7151
3698
-7851
-5873
3566
9590
-2103
-318
-8378
-1667
-1646
1185
-6090
-107
1202
4038
7905
-5145
9403
-7563
-94
1483
2446
1809
-1983
5143
-4683
1489
9088
2583
9740
-7166
-8770
598
1059
-9564
-3321
-1195
7490
-3889
7858
5521
3439
5854
7918
-6391
329
-3461
-1470
-9987
-7966
-1402
720
-7186
5971
-5560
-1733
-5311
5131
6192
8313
4716
-134
2897
5105
804
-9322
2383
3614
5837
-1039
-1329
6976
-6942
-2535
-2959
7083
9316
-9694
-14
-7785
9935
-1649
-9819
4290
6570
-4419
1836
6640
-5340
-6077
-9079
1641
8647
-8768
-876
6098
3720
54
9688
1943
-6652
-6598
8477
-9639
-3641
2656
4697
6488
3883
5729
2930
8078
-9580
-9780
-1449
8278
-2011
8912
-4021
-1132
-5774
-9912
2970
580
3710
-8759
9265
3373
-9321
1108
-3634
-9515
-4406
8793
-386
8963
4817
1055
5936
-4493
-8094
8539
3901
-939
-5839
8437
-3394
-7160
8427
5367
3349
7539
7419
-5041
-9857
638
5249
1644
3856
-897
-3855
-3650
5885
7839
-4345
2365
-9758
1280
2252
-6959
3817
-775
4046
969
-6023
1330
-1601
7894
-2084
-6913
7705
-3854
2330
2873
6148
-2157
8997
6724
-9105
9231
-2649
7304
-2520
1375
8767
6627
-5148
5998
7869
-564
5514
-8337
7704
9664
5241
-8230
9282
7548
-5925
-7387
-3952
9164
4443
-1673
-4061
-7120
-9375
-3649
9509
4231
-3694
3219
-5937
-703
-5065
-837
-1741
-9506
-1046
9047
9293
8917
5595
-3218
-952
3613
-351
-6938
3540
3430
-4099
-7430
-9184
-4943
-1740
-450
454
-5373
-7307
-7410
-6663
8892
1226
4727
2008
-821
5874
-6600
3165
7061
-8771
-5952
-7201
5757
-4986
-7024
8198
8143
-344
-5009
2073
-7194
-8689
9860
-4835
-3638
3500
-992
-7782
-7333
-4899
-818
8454
5070
-1047
-78
-9445
-958
1821
-8555
-6178
9231
9486
8081
-8559
1638
6372
334
-3667
-1214
-4776
4447
-9363
-8746
2646
-4342
-5279
9815
6674
3567
-2037
1871
9426
-7701
-9001
7470
9864
-4555
46
-3278
1175
-7400
9424
-6936
8259
-5214
-5548
-3360
3317
-5034
-6027
3831
-1516
-5424
2647
7587
3365
4882
-4193
8225
-9655
-6051
3500
4339
-5178
-1533
-5131
3222
8056
-6738
1428
167
3629
281
9768
4944
-4908
-829
-5217
4815
-7746
1530
5146
-421
5658
4695
-9133
8986
-9535
2018
6502
7411
-7634
3861
-778
-8405
2480
-3843
5877
3685
3113
7032
-4745
1581
-8094
-2645
1582
9516
787
8656
-7578
4190
-196
-5277
-5523
8800
-1839
4513
-1473
5253
119
-8621
-1182
-6735
-1863
2924
-3670
3729
604
1422
-3386
-1277
7217
-3075
5072
-408
760
366
-7807
-9368
9371
4771
-1315
9555
9712
-4404
-1217
-8455
-4756
7315
4003
-1035
-5738
4412
-14
6859
7769
3838
-8367
6990
-7173
-4357
-9159
6408
-4061
-1980
-6719
6098
7444
1028
8744
-2000
2579
-3292
4575
-8059
5303
3468
5429
5957
1078
2569
-8449
-6550
3720
5756
3465
8001
-7972
-9975
2217
-6444
1486
7126
-7833
1968
-5471
3841
5175
7196
-3324
-1358
5677
-7049
4612
-5474
3077
2228
4269
4486
5806
-2155
5580
-1463
3775
-4519
-4096
5966
-5729
5669
-866
-4357
-9550
1772
-3514
7375
-9696
-8425
9624
-5130
7204
-1845
6732
1485
-4697
5773
-9337
-9212
-1061
4929
-9186
-7474
9948
4741
1426
7961
-6331
-1825
-7461
-6430
-267
-1818
1032
-3587
1854
647
5455
-4692
688
3450
-1011
6340
-4530
-8489
639
7518
9831
7252
8230
4512
2656
9894
9697
4575
848
-4926
6924
7235
566
-7511
4414
-6479
3268
-7824
9437
8673
2436
1375
-1253
-4281
2805
-2768
-6118
-6141
4081
-4028
288
1296
5533
-3795
-6579
-6874
-4698
2853
5915
-4649
9835
-9738
3488
-2171
3829
-4780
-4236
4013
9887
-6855
100
7609
4955
8412
2705
-6693
2761
4534
4717
9412
-6977
-8167
5031
-6766
-9964
4622
7042
6339
-3915
-7617
-6217
5740
4798
-2392
4972
-7219
137
6220
-7218
-9817
-9366
2712
5793
-2885
3442
-6382
-2769
8799
4834
5881
-8617
-5145
-6680
-7000
5855
-5555
7553
5603
826
8892
5029
-7583
7846
2456
-2278
-359
8262
-3428
-2616
2877
501
5128
7747
-126
-1514
8298
3503
347
-4122
-7361
-8081
5912
5524
8192
-1864
-8510
3865
2818
5322
3872
-4619
-6804
1220
-1151
-2583
9504
-5105
-8201
-8206
3806
-6187
5086
6119
-6038
-3656
5231
-9241
4372
8957
-7272
6907
6717
-6844
-1544
5338
5824
6534
3406
-4938
-2172
3895
778
-5419
-9114
1431
6631
1213
7823
-3408
-1557
6884
6440
-1951
2443
-7777
-1170
1209
1419
-2202
-466
-898
8578
8041
6376
2924
-7706
-9490
-9764
-5286
7589
6971
-5407
5804
2280
9212
-5868
4104
-3341
5169
793
750
1959
8218
9998
3148
-5233
-1745
7554
3309
-9631
8083
-1562
2191
2056
6718
-6644
-8986
-2091
5319
-2018
-121
4477
5286
2532
-5217
7685
-2548
-5203
-7186
6502
5835
4042
4138
758
4116
6338
5707
-6798
2874
-7040
-7049
9464
-9181
4985
-4259
4550
1774
5597
-7488
-2948
-7140
-350
-3374
-3180
2387
-2301
-7320
-7738
-8014
6456
3794
-6977
-3694
8962
-6839
5501
5380
7244
2895
-5223
-6969
-2314
-2137
-4811
7821
-3045
5119
2099
2390
-7017
-7001
5030
-4451
6084
-236
-5448
-6882
-3885
9361
4733
-6180
-1552
4008
2516
-4590
-7398
-721
2529
-7907
-4442
-5406
-3231
7966
5936
-5777
-8473
2615
-4842
564
4984
-3372
7824
-2598
2933
-3017
-4757
4057
2391
9568
-1532
7695
-4150
6059
-5644
-932
-5365
-6515
-9086
8488
-9378
