-99862
-3548
64417
-99873
86270
57705
42935
-99867
8652
-99964
-99997
-99968
-99981
-99784
-99745
-99952
-99791
-99780
-99702
-99814
25234
70874
-99846
-99890
12596
62775
88603
-99848
80701
18665
-99945
-99848
-99767
39916
-39912
93060
38173
80428
45607
77121
53278
2105
-99832
-99850
-99898
-99722
-99958
-99789
-99978
-99718
329
31970
-99972
-99798
68519
8644
-99828
62831
30558
73453
-99782
-99708
-99918
-99865
-99965
-99760
-99715
70637
-99852
2434
-99741
-99980
-99034
3190
45724
-99755
48870
61845
51491
-99838
49595
-99976
-99752
-99773
89438
-99706
-99805
29700
60960
43832
81728
28744
62051
33133
-99977
89367
-26831
52353
-16901
-99742
-99867
70886
21487
58854
-99877
-99916
70943
-99750
87644
3176
-99872
860
24269
22108
-99716
-99813
-99715
-99815
20292
-99954
42788
45784
96552
43599
-99745
55965
14194
-99796
39278
95747
33990
-99806
66437
-99740
52987
47851
-99989
38176
-99988
90076
97032
57454
-99846
15965
40631
8511
-88908
-99834
-99883
-99735
71337
88945
-99867
-99816
43395
-99737
-99967
56667
38879
-99999
-99947
-99731
55443
19379
-99808
-99898
66977
-99890
-99996
-99760
40564
67335
-99815
-99922
-99794
5286
-99713
95885
49651
34534
-99730
-99951
-99840
35929
24457
6077
-99894
-99940
42506
-99706
-99748
30427
15356
16913
30807
38719
25841
-99725
93920
-99907
-99796
-99967
34383
-99824
67799
-99865
-99935
60042
5081
-99914
-99826
11475
29334
32697
78216
11071
-99758
-99720
-99781
-99939
-99789
22470
-99883
-99771
8009
-99851
78704
19573
-99987
83423
46862
-99785
78094
20898
81114
-99711
1490
25857
34787
-99805
-99990
-99979
-99917
-99720
81557
-99956
-99761
-99754
573
4121
-99957
-99863
99500
-99912
-99889
28974
-99955
-99965
-99958
46504
-99968
-99880
87265
-99746
-99936
-99896
94465
-99840
25896
-99984
-99939
-99940
-99834
47353
-99871
-99919
20739
-99774
29458
60781
-99963
-99809
-99723
-99934
41086
-99885
68261
19136
35047
5901
-99781
31991
-99718
44853
-99820
59875
89124
-99997
50310
84628
76205
-99828
27086
-99902
43809
94743
-99960
83912
67441
44900
-99929
23199
-99980
59913
-99770
-99946
94370
-99995
38178
-99988
20546
-99938
-99753
1672
-99908
-99902
-99741
10063
82626
98194
-99762
98313
21512
57784
-99989
-99871
3525
-99936
74010
-99949
-99908
-99789
-99869
99248
-2298
6978
-99876
72323
-80135
4887
17308
50411
88937
-99985
60878
-99710
-99864
-99977
4342
17420
-99899
-99910
20347
34170
-99707
80225
77705
96727
-99838
57540
38456
50101
-99707
75934
91482
-99931
-99843
-99851
-99761
47
43705
-99891
-99797
74232
-99783
45774
40131
20491
18999
-99909
70352
-99956
-99937
89843
-99847
-99811
11118
-99803
21592
-39432
-3110
-42226
65025
13304
91367
24407
49246
-99751
-99844
42270
-99811
-99749
4140
44125
2974
-99751
88480
-2464
-99771
-99882
66133
61788
-99806
64238
42598
-99885
-99817
94642
42861
12515
-99836
-99725
25602
-99782
-99975
-99784
-99987
-99972
-99928
-99733
94455
56454
-99870
23130
45217
52774
37177
-27172
-99921
6675
-99900
-2986
-99944
79159
-99746
50266
-99923
99128
-99880
-99788
-99758
34104
-99805
15051
-99737
-99768
15375
-99869
54788
-99711
48366
83693
93906
-99749
-99718
-99830
-99854
78419
78759
-99887
-99956
29204
-99726
-99741
-99805
58905
70564
36507
78218
-99778
-99711
-99978
-99988
66012
-99985
19674
-99941
59625
91451
-99896
-99738
-99940
-99830
96538
-99972
70725
-99953
-99816
86395
-99941
16689
23636
-99794
-99994
81245
17681
-99861
71108
76662
30142
56514
-21661
46003
-99918
-99949
-99950
-99849
-99777
88255
-99905
-99880
-99990
-99731
-99791
-99791
24008
99384
-99881
-99816
-99734
17384
-99887
40603
-1393
23166
-99989
29848
23052
-99906
-99886
-99823
53486
45597
-99743
81445
86647
-38822
19405
-99956
10303
7246
-99775
43935
-99993
46880
-99738
-99762
-99969
-99888
75963
16606
-99849
-99942
54060
-99716
54606
-99875
-99863
63381
-99940
81483
-99750
71151
-99960
73597
-99746
43070
-99882
67402
14858
-99875
-99798
38396
74854
24358
13446
-99940
-99969
-99786
59928
-99912
34931
-99934
-99823
-99870
-99823
46773
69659
-99845
44515
-99731
-99965
95674
-2115
-99831
64110
-99760
4658
-99812
59187
91169
43351
45154
94400
-99727
91679
16480
32660
-99859
-99863
-99870
-99963
-99974
-99782
96091
10341
-99860
-99770
36844
-99929
51964
52167
-99835
-99879
79204
-99898
-99751
42477
-99863
-99740
-99775
99312
-22370
-11271
42
-98397
7142
-99926
-99755
-99868
-99929
-99912
48494
5520
50724
-99790
2870
-99727
71260
-99806
59895
92243
-99809
46662
-99812
-99914
38402
21939
44699
-99703
88586
51314
56847
92647
10909
-99733
8206
-99811
30661
-99891
-99914
97722
70820
-99811
-99975
52558
52112
-99923
29002
-99982
-99762
79641
-99704
61261
68422
-99882
-99901
-99743
60797
3647
34543
-99913
38359
-99842
-99899
66362
18547
99931
38924
-99789
-99703
24732
42327
81404
-99930
-99901
56925
-99987
54897
-99795
-99985
72486
1247
21358
-99906
75361
37610
56356
58713
-99770
70394
-99945
28315
39290
68444
34040
-99992
-99908
-99737
17112
48102
-99852
-99832
-99850
-99968
-99830
72859
-99777
-99797
58996
-99775
-99804
-99780
34880
-99932
45136
-99763
49075
-99816
-99837
-99844
-99919
47366
-73811
7640
-623
-39740
13476
83660
82504
52228
-99961
57459
-99968
75971
-99928
93418
-99822
34144
-99917
-99765
-99712
63115
-99891
91505
-99725
-99881
-99805
99475
99583
41136
9277
-99741
56780
4997
44851
-99793
10557
-99707
15211
-99854
4172
73456
54371
-99776
-99820
85725
41688
-99713
-99998
-3130
-99839
61323
31164
29517
23307
82415
59562
53734
33521
54121
60266
85290
47928
72844
-2987
-99804
81730
-99767
-99726
80030
78458
16535
80605
81694
-99892
61681
56302
-99702
30150
-99862
77754
-99942
65523
26757
-99879
-99774
-99811
-99756
-99792
-2895
-34941
22502
6655
-18722
6402
-99910
73938
89675
-99858
77181
-99810
-99997
-99731
15511
-99708
-99837
66376
-99883
-99819
-99922
-99989
14171
54419
87749
-99748
-99935
8904
-99926
-99736
-99924
-99800
-99999
92117
-99773
-99757
64718
-99829
55462
-99851
10288
79474
-99916
-99768
-99926
97884
-99834
-99943
25022
28910
-99800
16791
7605
-99847
52840
77132
-99790
-99883
-99750
53811
-99727
-99869
78807
15286
59391
-99906
-99713
-99842
-99822
-99876
-99904
-99890
-99737
70393
25960
90549
46756
-99998
13960
-99973
-99881
-99922
74246
26317
89213
97350
-99918
-99916
15491
-99748
-99803
-99884
-99786
-99935
74107
-99934
-99971
-99753
82327
-99938
-99898
-99869
-99719
37822
70216
16553
-99870
-99875
59688
-99772
30210
80097
2031
-99764
10513
53116
-99705
11697
17482
-99860
89507
-99952
-99708
1755
-99934
-99718
24047
-99789
38234
10098
-99922
-99954
61934
-99996
-99866
-99797
68600
-99836
-99867
69779
24025
-99871
-99896
-99743
58680
-99842
25856
-99720
42670
-99758
3957
26176
-99967
-99953
-99807
89560
69142
-99819
-99935
-99778
13699
51710
64598
-99811
90630
52355
-99955
-99970
13013
-99764
17009
-99817
19840
-99725
50802
91421
-99854
-99955
-99824
-99882
-99859
54710
52658
66499
-99822
-99712
31781
-99843
-2681
71050
28162
25841
-99835
83976
83429
-99954
17476
55039
92963
36420
-99959
88990
-99852
-99983
-99967
94021
-99890
-99788
-99837
-99987
35117
83406
-99851
30201
6246
56268
45065
-99921
25034
-99862
6455
-99894
59520
66758
-99702
-99990
-3625
48069
-99840
19088
29820
-99722
-99808
65221
-99717
29512
29983
-3513
-99720
61739
45810
-99788
-99981
-99773
42761
-99742
79211
18099
94597
-99834
73443
-99933
-99984
-99913
12084
-99922
64953
77966
-99948
54578
34676
22768
-99852
346
-99956
-99927
-99743
-99929
21226
33797
-99725
11093
36053
66072
52974
94848
-99810
-99913
-99712
81793
-99732
45939
75373
80660
57506
68914
-99790
-99869
18074
19075
-99841
-99728
6798
-99832
24663
-99958
69990
-99897
63281
-99969
-99847
831
63447
81616
-99945
49544
-99970
86124
20885
62711
80757
82171
95908
-99921
-99941
-99727
-99988
-99709
-99847
52731
-99905
38962
-2456
55439
-99713
23528
99416
-99934
-99719
-99851
17920
-99887
8743
66275
33711
52772
11786
17806
-99889
-99717
-99886
-99829
61936
97627
-99749
99116
66962
-99942
9845
-99871
-99902
72393
20975
-99872
44965
86321
82341
43794
-99811
-99813
-99961
9801
-99751
-99704
55141
635
-99845
70945
64875
47579
49830
30848
-99973
-99920
-99807
-99975
32675
36904
74511
-99853
57550
-99791
63081
32983
-99923
-99798
72678
96451
78152
24552
36445
65711
33432
-99993
-99745
75403
72413
-99901
93743
-99768
-99917
-99706
-99994
-1148
-99772
-99924
-99967
77321
-99964
5412
-99787
-99825
9229
-99871
-99988
-99879
48275
62963
50752
-99817
5363
88791
-99844
42919
-99813
-99782
-99855
99508
49233
34468
-99859
82256
25419
74200
-99755
25764
48064
54951
61111
27428
86540
-99977
46856
-99966
78339
86283
50125
-99723
75215
95985
-99742
-99953
-99767
-99725
62809
-3372
7787
71237
9414
53909
20661
38157
-99798
73561
18235
-99761
27775
-99748
-99999
31484
-99997
-99742
-99965
-99883
-99758
-99931
-99733
-99905
-99772
-99829
20834
20190
-99748
-1125
-99740
87228
62828
30883
-99875
-99998
59593
-99876
-99897
-99874
36499
-99855
-99768
-99945
88335
80105
26181
-99957
-99842
-99748
57113
-3308
-99737
22221
-99853
-99804
48556
50889
83635
21616
28285
-99804
-99953
-99854
-99733
-99827
-99994
66860
-99956
25414
31773
65589
-99836
-99770
-99758
-99767
-99842
26232
90925
85723
91724
-99784
-99833
-99945
38187
95260
5975
-99960
-99816
-99770
80504
-99803
-99800
87165
-99794
37593
57120
-1891
3924
93547
43577
-99726
-99734
-99900
39165
55666
-99938
-99799
-99814
-3183
60516
430
-99921
-99857
-99849
-99879
93428
40518
80888
-99715
82719
93590
-99818
-99990
47682
90189
88929
25125
-99830
31260
95781
-99727
7093
68705
76776
-99716
-99749
64478
-99888
65248
-99732
-99749
-99714
-99982
68961
-99945
-99774
-351
33691
66257
15786
-99734
-99836
-99881
-99738
38252
67689
-99876
53275
51821
-99746
22047
-99997
76605
-99722
-99819
-99727
-99927
-99850
-99711
15651
-99777
54011
27663
-99930
12498
-99919
-99852
-99823
48198
-99760
6647
-99878
22947
37147
-99705
96667
86665
-99944
-99721
3132
-99865
-99758
2064
64222
71284
-99942
-99940
-99710
-2320
-99918
96676
71099
24320
81679
-99934
-99792
45758
31156
-99933
80987
-99831
75279
-99890
90204
96236
-99998
-99781
73417
48267
-99714
-99712
-99744
-99836
18900
67068
-99723
96800
80194
-99897
67164
-99753
-99921
-99885
-99826
25688
78366
38276
-99826
54318
53810
28179
-99920
-99812
83740
-99803
15035
24986
-99732
37381
-99913
51044
-99836
2542
10122
5003
-99711
1226
42944
-99781
93566
-99924
-99995
-99738
64442
-99904
-99869
38123
-1076
16421
-99852
-99826
12501
7793
64981
-99971
-99947
93688
99307
-99781
-99782
99266
-99974
-99868
12245
45773
10420
6765
21629
45862
61921
-99751
29209
54053
10991
30968
-99746
-99994
-99944
-99939
-99755
-99978
82566
72149
10563
36624
-700
-99853
-99790
-99967
77216
81816
-99704
-1880
62373
-99950
-99918
385
50114
-99918
-99732
-99749
-99943
31651
-99841
94941
18323
-742
-99843
-99907
-99804
83489
30678
-99715
-99950
-99796
-99744
53146
55705
32008
-99852
-99895
-99854
-99965
-99820
-99787
57942
-99771
28551
41186
-99746
33466
-99812
-99886
80200
91834
-99750
-99739
4874
-99752
83647
-99914
32172
75701
22972
-99850
-99766
-99868
74409
45456
-99790
-831
-99749
14957
58442
75772
-99888
-99874
-99962
54527
-99979
-99803
-99802
-324
-99923
-99961
-99775
59429
-99996
-99888
-99782
-99807
80708
81832
8093
-99761
74096
-99809
46158
-99931
96026
58918
92250
-99968
62026
-99760
-99995
57567
71007
-99952
84250
79696
98845
92903
22467
86167
-99980
-99861
-99995
54015
80171
19856
93304
-2576
30391
-99969
59103
9716
-99818
-99733
-99765
35559
62487
-99886
-99878
20551
-99825
-99757
-99729
-99754
73859
48432
-99803
80628
-99866
-99899
-99873
-99833
97707
4564
-99861
-99806
-99931
82994
59356
20465
-99834
74592
44845
-99946
52938
-99798
37471
55683
-99998
-99841
-99880
30200
-99908
85611
40556
76056
-99974
79092
54607
92155
66845
-99801
-99963
-99712
83326
-99805
-99828
69298
-99935
9182
56168
69503
96344
-99719
46527
-99701
39950
-99818
-99987
-99722
26273
-99900
91073
51060
-99850
-99849
46927
27381
70161
-99772
21893
19724
-99930
54118
99755
-99955
45171
75141
18792
69452
89706
-99713
-99777
67243
-99923
-99742
87160
-99967
93033
71888
-99724
-99724
89728
-99705
-99888
7683
87713
65270
88087
70961
-99716
96568
-99756
-99880
-99845
20922
81167
-1219
-99841
-99806
-99968
-99820
73953
1634
52135
6068
-99740
51008
-99888
-99879
-99981
99842
-99996
-99974
-99921
-99783
-99979
34879
16586
62143
-99978
-99965
-99938
-99864
69728
-99791
90173
-99745
32881
-99953
-99789
-99894
-99834
-99820
-99967
21785
-99949
-99864
-99864
-99896
-99719
-99892
98418
-99945
-99860
-99786
53238
-99932
3801
-99709
-99785
57370
-99994
-99761
-99706
25144
60690
73488
-99900
-99953
-99993
1160
84290
-99852
77864
-99820
98266
-99869
87553
-3408
-99805
97939
-99943
-99931
32934
-99710
97946
-99791
-99709
75866
33350
36109
1523
4039
32754
-99728
34079
-99865
4662
2406
-99965
-99738
-99992
94635
75098
65274
53291
17933
36179
-99973
-99717
40925
-99868
-99889
-99737
17458
-99703
35846
-99785
-99711
14681
-99826
38269
-99951
88627
-99845
78932
98320
-99936
-99964
-99939
87125
-99844
41248
20226
27276
73541
52824
-1869
-99757
64603
89826
90448
77656
-99902
85515
-99859
71725
19541
-99914
63845
25142
-99955
-99969
17601
78067
-99715
57422
-99703
2630
-99985
-99944
-99980
29758
-99915
79129
99700
-99820
-99891
-99818
-99716
83859
4716
-99832
-1839
-99995
40066
32067
-99942
-99849
39661
-99720
77704
9341
17478
23472
76850
-99834
68388
-99828
-99842
62656
51360
36725
28626
36800
-99814
69128
-99777
11799
-99802
43707
92671
74896
-99775
75430
59798
95336
-99726
121
68235
-99953
-99770
-99835
-99870
-99913
29556
-99967
-99822
36535
-99792
96988
-99966
62725
-99911
36488
91101
-99829
99965
27021
72469
25690
24564
-99718
-99742
-99727
-99971
-99879
-99932
-99854
-99779
49059
-99900
51462
-99759
-99779
-99719
-99989
77515
-99854
-99856
-99780
52253
-99831
97907
-99898
-99958
-99880
43981
-99949
-99835
94345
-99719
680
-99881
-99927
-99704
-99932
-99928
12024
-99944
-99852
56214
73644
2351
-99853
-99744
-99928
-99904
73137
-99715
6938
-99835
-99848
98824
-99889
58090
-99890
-99874
97403
-99908
-99751
27233
-99809
-99984
43597
66310
38185
-99746
66086
65518
89780
-99755
31434
-99990
-99773
16205
69844
90011
-99976
46790
-99794
87764
19132
82123
-99855
40703
55354
-99879
74005
-99732
-99821
56175
45132
-99901
39508
47374
-99749
-99916
-99837
-99809
58286
-99946
94918
-99907
-99859
-99879
95598
25630
75751
41656
-99992
69851
-99996
7634
45201
-99805
87681
2172
35436
60312
-99917
-99874
15040
34466
-99855
43334
22036
51195
67919
-99779
-99952
-99809
71912
22951
82119
-99742
-99890
-99875
-99817
-99792
-99941
-99852
-99991
-99929
32849
49895
-99985
49656
-99861
-99748
2821
-99701
60535
-99874
-99924
-99880
78670
20082
-99733
-99899
-99916
-99770
-99797
-99836
-99857
14469
-99957
85715
59763
74115
-99873
80621
-99766
2628
40387
-99722
-99814
-99785
5297
-99745
58114
-99714
86673
80741
-99732
-99788
44032
37928
50640
56520
41170
-697
7774
-99826
97725
63253
-99992
59178
74792
-99727
46812
-99840
-99941
-99970
-99982
35278
-99889
-99847
-99931
31511
-99702
-99909
42915
75415
-99802
-99743
-99795
-99713
-99754
-99942
-99744
37720
99967
68293
-99819
-99962
-99784
81273
-99755
45792
-99829
-99817
-99764
-99881
-99815
-99747
-99871
90049
1202
91683
35400
-99705
-99798
74234
21071
15601
1139
783
-99936
-99886
44229
21367
42942
-99878
-99858
-99896
-99865
45819
-99806
-99706
-99930
-99841
-99777
-99785
14199
79675
60585
71462
-99864
59485
-99870
-99709
-99784
51305
-99850
-99769
33078
-99881
9606
48234
43596
-99914
-99810
57996
29471
-99930
10894
71851
9013
-99838
-99871
-99761
50707
-99810
-99916
-99878
25463
66200
77540
-99936
-99708
-2107
-99952
29228
15022
-99789
-99797
74828
39391
-99945
-99943
14248
20231
-99733
90026
-99929
-99940
-99792
-99816
64407
-99820
32879
36831
-99949
-99994
34324
80743
-99935
-99886
29282
-1381
-99705
-99856
-99856
-99739
26548
44994
-99833
-99901
89478
-99701
-99732
-99867
-99807
-99986
655
-99940
-99768
95223
-99770
8793
82412
-99749
54686
-99919
4936
98290
-99941
79462
-99860
17776
76942
-99838
84576
-99824
-99991
10396
36746
-99879
64691
65709
95213
-99891
-99818
-99829
39359
48515
28049
-99905
97416
87423
70959
78094
-99774
3223
30094
60526
-99909
-99804
55078
-99874
48232
-99732
-99885
-99880
-99993
19247
1477
-99782
39077
32424
-99956
-99930
7732
95272
-99717
-99917
-99779
61656
60301
39490
-99999
-99798
-99808
-99795
26325
-99921
57352
-99847
-99731
-99760
-99703
-99846
-99747
-99703
-99730
-99849
4369
8820
-99900
-99777
67439
-99750
-99793
-99880
60329
88941
78988
-99749
69471
-99841
-99980
-99776
93133
49116
-99973
-99810
-99884
11815
10771
51578
-99702
93136
-2353
56611
96359
-99750
-99898
97437
44909
66200
75618
5034
-99860
37423
-99729
18046
-99773
-99983
-99756
-99826
-99892
-3080
-99829
19896
14740
-2765
66912
97159
-99972
-99989
-99716
-99971
95179
-99894
22968
98793
-99701
-99830
36959
51098
-99759
-99731
-99744
61514
37016
94636
79453
-99866
73460
83739
15799
-99802
-1690
62015
95157
12999
-99999
20118
77598
-99833
18241
-99780
-99919
-99992
24004
-99932
-99760
-99753
10902
-99810
39054
36213
42920
-99936
25225
99644
-99756
-99823
41288
68057
-99757
-99811
62106
65954
-2138
15719
73048
59069
-99746
652
62531
-99927
-99813
-99910
86108
117
25542
-99710
31137
-99944
-99819
-99924
10044
-99945
-99813
-99751
85081
7897
-99833
52223
25154
-99992
85735
-99748
7903
70009
52302
71861
-99760
10941
51712
82414
-99800
-99798
-99845
-99901
-206
76045
61916
42997
85483
50000
-99716
53020
16163
-99807
-99748
-99971
99379
-99979
-99779
-99898
76469
55373
-99919
-99766
-99923
98075
-99999
-99937
5537
-99877
95247
23014
39554
66989
-99913
-99811
49365
675
-99831
-99971
-99901
85970
71328
-99855
31391
50787
83742
-99752
77377
91974
-99732
12791
-99806
-99702
14307
-99742
-99749
73934
36171
-99869
-99792
-99847
1848
-99939
55574
2687
69130
-2849
38650
-99998
67153
66653
59353
1311
-99808
8947
51702
67596
-99950
57308
40998
79818
-99853
-99807
-99997
39592
-99808
30890
-99731
80694
91071
8220
81059
-99777
-99871
-99891
88518
-99908
68840
95982
11098
-99964
-99901
22948
-99837
-99746
75604
30130
-99864
-99934
20890
-99969
44680
-99732
32584
66267
-99870
23863
-99746
3254
26764
-99790
26565
-99721
12956
59170
43006
62791
76999
-99728
-99871
-99895
29513
16353
84811
469
11319
68181
-99714
-99916
-99884
58095
73636
-99760
-99917
52256
-99967
-99860
65545
72929
82984
-99718
-99876
-99857
86230
-99957
-99783
83446
-99834
-99973
-99792
-99914
76947
-99770
-99818
-99812
94354
21674
-99915
59790
-99927
95505
-99768
-99847
93537
24454
2591
94608
34900
34338
42238
63015
-99815
-99763
41597
-99707
-99971
2441
83920
82013
-99732
97543
41295
98082
-99901
89249
-99890
40021
-99751
-99923
-99764
93515
-99784
-99978
87
1538
-99817
-99980
17643
-99731
-99969
48555
-99880
-99778
56205
1483
-1297
-99882
-99826
1085
-99759
-2696
73054
77657
32754
-99917
-99749
-99784
-99713
-99743
55287
-99772
14008
-99811
-99798
58707
83540
-99967
-99826
40176
-99711
60886
28930
-99821
-99966
45373
-99763
1844
75384
14442
10016
4492
61075
-447
-99781
80420
-99910
95790
-99825
-99715
4598
-99944
-99794
5584
48223
61959
786
33447
-99854
-99996
-99922
-99740
43149
54510
-99783
13484
69118
-99859
-99926
18244
22291
-1972
53143
-99774
-99755
-99854
87236
83486
79454
-99714
49342
-99781
94283
21932
70294
60095
-99994
-99777
13984
22316
-3165
-99984
87109
36244
19184
13361
-99937
67926
-99990
13436
-99993
79204
-99828
46728
60644
-99998
-99708
-99841
-99888
55377
97382
-99963
55039
-99704
-99960
-99755
-99951
59842
-99788
-99816
-99897
-99862
57245
18512
48074
28184
-99948
94159
-99974
10926
-99828
43847
63153
-99817
-99767
-99931
-99833
84422
-99871
83774
86835
74439
-99865
36826
-99901
84159
26256
6168
-99793
-99999
-99879
-99701
-99874
84342
47661
86355
-99954
47398
-99863
-99714
-99791
16539
-99896
-99885
-99940
55505
-99779
24158
14610
-99914
67173
-99773
40565
61381
-99888
71612
-99902
-99733
-99857
-99718
-99939
-99939
-99901
-99827
-99854
47843
-99968
5252
-99733
71591
7351
-99783
-99777
79272
39446
-99729
13186
54882
-99976
-99902
-99773
59925
1151
60705
27244
30781
-99715
-99835
-99894
-99910
92893
-99841
53920
28274
-99955
-99741
1580
-99779
30463
-99714
23080
47712
-99970
-99914
15853
2145
55971
-99791
-99932
63827
-99807
-99711
93946
76542
-99877
-99890
51680
-99924
42696
24931
-2468
69783
59626
48655
-99837
-99876
64484
-99788
36674
10324
29215
-99724
-99935
92165
-99938
37341
23769
-99981
97402
7164
-99767
87421
21244
-2615
24316
-99815
-99792
48233
-99937
42825
3087
6796
26958
30305
12321
-99815
82470
3666
-99743
43897
-99997
67368
82652
-99748
86326
-99993
11275
-99963
-99954
23067
-99915
74474
52510
-99903
81248
12898
-99828
-99730
12520
-99712
87159
-99751
-99706
-99769
-99945
-99850
-99998
-99830
96038
78574
2997
66813
-2228
-99765
3026
39074
-99703
-99885
41071
54735
-99938
41299
-2581
54314
43529
23874
-99964
-99896
-99745
-99955
-99785
-99738
-99755
-99753
68638
-99973
-99703
13798
43449
-99789
-99808
66326
-99761
65118
8754
6821
-99896
93527
-99883
86848
-99917
-99893
-99732
90226
-99834
81390
-99763
93866
-99953
88831
15714
19007
-99848
28959
-99832
46668
-99981
39707
35631
56287
30080
-99798
-99833
61331
20812
-99824
99151
-99754
71704
88716
-99724
24332
7998
-99741
-99859
6522
-99983
43313
-99824
-99862
-99911
70434
-3388
47071
51044
57294
-99836
9618
81583
27244
-2961
-99821
66303
71729
-99770
-99818
-99954
42819
16671
1108
2531
-99779
4496
63755
-99936
-99960
76535
31594
1957
69862
58018
-99845
-99847
42058
-99746
34733
-99839
-99812
70847
-99731
27440
85368
63265
5865
10124
-99766
19465
-99761
31618
3195
-99968
-99765
-99742
-99898
4908
-99741
-99868
-99730
-99916
-99867
-99727
63495
52572
85069
43462
41059
-99872
40280
-99781
-99874
-99836
13013
-99866
-865
1194
22986
58361
-99861
20156
45923
91236
62062
96833
-99799
46765
-99782
24762
30493
-99738
96704
43757
60167
37081
77027
9822
77604
-99985
41688
35021
-99842
98612
-99881
62620
59865
63212
-99977
79434
-99811
-99853
-99764
-99864
-99919
45473
41592
-1277
5327
-99701
90125
-99810
75691
93600
-99734
-99758
76180
91524
91067
56228
-99745
46207
-3253
31893
-99761
-99798
19846
-99848
79827
8287
-99701
69197
-99837
86738
67871
-99797
79692
-99819
14316
71655
-99823
30325
-2509
-99916
48062
5516
14312
-99896
19990
-99923
-99844
83858
6753
77067
-99725
14872
91224
-99904
90995
93301
93827
30022
-99847
-99910
-99981
-99993
-99933
33275
29520
-99974
6691
-99898
70870
17481
41673
-99821
-99941
-99973
49989
80638
-99901
-99994
46034
-99766
49479
7938
-99843
-99804
77621
-99844
-99749
20786
59967
-99845
94082
-99919
-99995
-99804
95559
-2627
-99831
-99758
-99763
20431
2246
58595
92933
-99823
-99777
-99844
37064
-99970
-99763
-975
-99964
37095
-99893
61022
-99839
-99833
-99895
-1552
-99847
23618
-99720
1361
-99862
-99741
-99923
-99941
-99890
-99992
-99963
-99820
-99916
-99979
97384
-99817
19996
57731
36984
-99923
-99842
-99945
-99986
51797
77706
20016
-99813
72504
-99994
14996
65598
37406
72615
-99949
-99770
12402
86307
44680
-99842
35891
53305
57090
-99833
-99995
48766
80411
94062
99852
-99990
42468
-99964
-99998
-99732
-99780
-99982
831
73030
7581
-99789
71851
-2291
76382
-99837
-99949
-99704
5424
-99916
95566
74457
90349
53689
-99888
89557
-99896
77113
77012
27248
-99777
-99919
-99918
-99855
62825
-99831
-99710
-99871
-99771
-99707
7208
98949
4045
89337
-99910
-99875
-99759
73410
-99952
29701
2684
57149
24627
-99927
-99829
-99962
88413
-99791
47449
33397
91523
-694
80156
85782
-99907
35539
85368
26411
26077
23931
-99765
-99984
-99871
24505
2442
36200
-99773
48683
68258
17322
-99717
-99919
-99952
-99906
-99829
-99967
-99790
18074
9011
56517
-324
-99702
32848
42444
71787
-99925
11263
87726
84689
-99913
82143
17255
-99756
-99999
80849
48443
-99862
-99774
-99842
-99890
-99995
20118
88052
54218
-99898
-99956
9431
-99766
85068
53139
28181
59235
-99900
-99973
94958
896
91047
-99737
16066
155
-99937
4104
49928
34893
91512
-99983
-99822
-99857
45025
-99921
52390
56831
22151
78449
-99978
-99943
-99979
91739
73658
22351
7731
-99796
728
-99887
25319
-99891
-99886
17044
-99932
-99985
-99999
-99737
-99726
-99743
-99911
-99988
-99827
52574
87895
-99736
-99919
-99982
62525
-99887
81808
-99786
-99862
-99702
32509
42736
-99782
58057
-99726
70824
-99873
-99861
1241
-99989
44270
74070
75936
68031
66203
-99812
-99938
-99742
-99852
65565
70840
52422
65697
5001
-99705
-99903
-99957
98756
-99879
5844
-99962
-99891
63849
53165
62759
26974
-99878
22168
12007
-99859
-99723
42265
-99726
-99808
9221
31394
10287
-99766
94184
50973
61406
-99891
11538
25476
-99957
-99779
-99865
94738
-99773
-99846
-99731
52855
-99737
-424
58690
-99964
-99975
51872
70374
-2634
-99819
51135
-99933
-496
-99754
91815
-99921
78253
49507
-99847
-99990
87483
60953
-99756
29288
-3306
56360
11133
-99759
-99719
28192
81247
-99952
-99957
46965
-99878
69143
-99751
-30
-99711
-99961
60743
9366
-99734
97667
-99813
29820
28956
99506
-99807
-99723
-99894
-99828
72509
32796
-99915
84548
-99786
-99994
-99720
64673
10660
-99754
-99865
-99924
58987
-99938
-99787
-99950
94838
-99760
26340
-99833
-99917
-99963
37130
50884
75973
-99745
-99832
19018
97273
97892
-99760
55879
31871
33258
-99863
55445
95158
78203
53339
38062
-99701
-99823
-99824
67338
-99914
25414
57665
-99762
61032
-99938
45486
-99939
20369
-99734
22319
-99713
-99931
-99987
-99708
-99877
-99711
-99724
-99892
40239
13041
-99979
-99898
-99940
-99734
53019
-99726
-99741
-99829
-2688
53039
-99975
-1531
60114
29472
-99819
29093
-99784
-99824
-99805
-99867
14473
-99875
63771
-99805
96804
-99747
-99950
44968
7405
77126
16325
96786
16129
-99955
52364
-99993
-99968
87013
41387
-99908
90801
-99947
-99979
88503
68037
-99930
-99740
-99704
35403
1077
32528
-99918
-99972
34955
6842
-99780
98399
-99992
15253
52289
-99860
-99929
-99706
-99771
-99729
-99863
75873
40245
-99877
54292
18776
73415
44904
-99924
-99728
82107
44252
-99813
20390
90276
-99783
40575
41193
43116
-99733
73056
-99861
2620
-99939
63175
18373
20833
-99775
37744
-99756
57796
53166
21362
8387
-99733
-99708
-99942
-99844
-99772
5514
-99722
56023
70990
-99733
-2877
69122
68612
-99964
-99934
22902
87562
39927
88106
5500
53230
-99788
-1209
-99701
-99833
92823
2052
53830
75337
27219
-99795
-99795
87181
-99823
-99895
-99927
10987
-99730
62758
51600
-99771
-99838
49209
-99722
-99818
30712
40913
29876
44727
-99980
-99728
46856
-99881
-99951
24552
-99791
12553
-99818
27846
-99975
29104
-99854
-99874
78870
19926
-99953
11437
-99826
-99753
-99754
63978
79719
-99996
71373
35223
-99991
52740
-99859
-99840
-99875
-99943
99452
73137
-99958
36596
80484
19650
85002
12894
23201
-2638
-99748
-99842
-99820
76615
88465
14262
-1466
-99965
34338
-99851
-99973
55903
26599
-99970
-99898
-99864
-99821
-99890
64291
-99817
51511
-99933
2153
-99952
7358
69510
29091
-99756
3590
-99735
14648
6749
-99801
48553
-99886
67864
-99933
91651
-99887
-99836
-99934
-99732
-99876
-99889
78172
-99951
-99742
-99867
-99797
31857
-99707
81733
-99963
78967
-99883
-99931
7769
21444
-99966
6062
11140
44486
58074
-99900
-99935
-99799
-99880
-99755
-99927
-99800
66125
92475
-99746
-99923
72251
-99993
-99842
-99846
59356
-99859
-99738
27023
-99887
-99786
12662
33966
-99838
77087
971
39779
-99724
82161
1074
16021
61835
-99861
98993
1909
-99858
90375
-99754
-99820
2862
14150
11436
-99762
-99983
-99731
44125
17640
-99765
72526
-99741
-35
37217
47812
80294
78867
42390
-99900
-99915
-99904
85622
1664
-99844
-99826
-99748
-99993
-99797
4745
75464
-99934
-99888
23847
-99802
64614
4340
-99711
-99953
48102
46263
-99870
-99876
-99850
95440
-99975
-99928
-99834
-99920
29182
26326
-99968
91560
-99922
-99911
68876
-99732
-99744
3198
-99705
77736
82807
23100
48656
-99747
87651
35374
-1219
27931
-99992
-99988
14638
78068
-99803
82207
52021
48659
40154
-99766
-99793
-99982
13300
34890
-99753
38996
-99947
-99999
-99999
50708
68845
-99787
-99809
78819
-99792
29801
-99755
-99852
-99760
-99829
-99754
-99870
-99793
14814
8516
-99829
4121
19801
-99762
-99845
-99860
-99829
7152
-99866
50160
74477
91046
1505
69229
-99956
-99967
-99704
-964
-99871
-99701
14686
-99733
-99747
42305
-1472
93038
68519
-99817
-99788
-99937
-99823
-99736
-99827
-99962
40866
-99936
94087
69204
21562
-99962
-99964
88146
-99917
23519
15197
14297
35788
-99885
-99972
38142
91934
16818
45814
-99918
11455
-99849
87097
-99850
-99991
-99980
-99894
91128
-99892
-99968
75046
-99882
35416
-99793
-99921
86721
-99897
-99945
39775
-99718
-99838
-99951
-99966
52562
4540
80466
65830
29271
5418
-99905
95477
22029
51142
99076
-2367
-99940
91206
-99869
80969
329
-99839
-99833
-99858
-99779
57648
-99702
14483
-99990
24607
33911
19619
61372
35097
144
-99767
61281
54979
-99912
86576
31665
-99993
-99991
-99723
-99841
-99834
-99768
-99939
-99765
29990
-99906
91266
-99841
-99874
1633
-99814
99256
76523
32840
20754
-99751
-99715
9504
83069
47014
-99800
25169
-99932
65153
-99940
44086
-99843
10564
-99994
33095
16554
-99757
56012
-99738
-99918
56107
-99915
-99946
-99758
-99945
26759
-99884
-99894
-99785
-99935
-99972
-99825
23451
48541
99143
41714
43886
26368
-99765
97123
-99983
72345
91585
-99930
-99704
78637
50492
31640
-99986
-99814
56562
-99917
27444
24835
10871
48618
54485
-99899
-99760
-99833
20390
-99888
-99821
-99971
-99915
-99965
-99995
-99795
25219
54326
82873
-99804
-99759
16433
24891
63264
41226
-99951
-99943
-99827
78824
-99955
65111
-99799
32804
47046
-99983
45602
89904
-99912
23853
37038
-99934
60547
65007
81222
32591
25809
-99774
-99941
-99724
-99933
37019
26162
-99939
29935
54334
-99994
-99878
81453
2588
37267
-99844
-99815
-99740
-99904
17574
75601
-99818
60636
-99780
25465
-99878
-99725
-99738
14291
80431
-99844
-99853
-2706
-99735
3889
-99925
-99717
21708
-99706
-99849
87341
-99769
-99742
68475
83626
1573
21607
-99977
-99894
-99922
75486
-99873
28804
42908
-99791
28641
-99732
-99963
-99823
-99976
18607
25039
70945
44232
48002
-99800
-99734
16734
-99832
-99711
82892
70622
-99729
-99849
-99730
54792
-99912
-99713
-99719
-99774
-99722
-99893
70534
-99976
-99839
-99822
-99873
78217
76384
-99748
-99929
-99709
-99881
87213
34360
94741
-99793
57036
423
58971
20432
63581
-99994
19418
-99913
-99826
-99911
-99945
75900
-99779
47180
-99755
534
25104
51831
13970
-99862
-2560
37470
37223
26233
-99779
-99765
63449
37031
-99719
-99934
22312
1696
-99739
-99906
-99886
11140
-99773
17395
87096
-99915
-99939
-99887
40580
-99959
-99968
74388
50618
9363
-99751
-99988
37317
-99965
26351
-99844
9796
86087
25024
-99801
97938
37463
22968
-99845
10027
-99881
88923
36209
-99787
66743
6286
54671
59795
-99829
39380
4830
-99857
96331
30
-99785
-99736
21737
-99802
-99892
-99780
72057
83812
-99915
-99701
37732
11199
69791
61569
-99782
47215
-359
-2525
-99966
-99866
5355
53236
69683
-99876
-99825
-99708
74930
25754
23158
-99715
-99881
-99766
72325
-99758
41326
-99846
46267
-99942
78665
-99965
-99829
-99949
-99859
95348
89564
39759
-99996
30457
27436
57050
37950
-99901
6213
47352
14798
-99776
-99767
-99848
19204
-99901
-99896
-99824
57851
-99853
-99813
36543
-99869
-99772
-99802
-99906
-99718
50156
-99955
22623
-99855
-99863
-99831
-99732
-99940
53020
67289
-99801
66366
-99907
-99937
90640
45421
69379
51182
51067
-99958
-99923
64186
-99840
-99992
-99867
19913
-99958
52936
70996
-99904
-99996
53550
12366
48920
3936
-3211
-99856
-99877
-99856
-99770
94876
33741
-1103
-99789
8507
-99957
-99741
44931
68682
29028
-99704
91041
-99948
-99738
-99816
-99844
77892
45070
76030
-99988
16079
59271
-99714
-99777
-99874
75052
71516
-99990
97608
48363
93549
-168
-99814
1604
-99952
-99867
43849
61590
92599
73062
12691
-99944
40893
-99819
47126
-99917
87409
-99780
-99812
-99776
-99901
39382
99277
-99822
56814
-3424
-99856
-99814
-99786
-1333
12186
-99721
-99957
-99929
25272
-99983
-99808
95681
8971
-99767
-99971
58982
55137
48753
69547
-99724
-99896
89626
-3327
96512
-99859
22752
-99928
-99740
-99986
92534
93759
-99839
2877
-99736
20650
-99931
-99854
-99997
903
-99703
68037
61990
3111
69691
82051
23544
28810
66997
89480
67983
-99898
-99820
6909
87935
46416
35382
27253
14390
-99844
-99912
-99808
22756
90947
-99948
69943
-99908
59951
30777
-99886
42842
-99986
-99904
-99834
56635
92481
54495
-99824
722
-99904
99932
-99840
-99752
-99767
47090
-99853
76464
74021
6469
45261
-99723
-314
89151
-99889
-99804
-99821
49820
-99972
-99980
56208
53826
71412
-99910
3774
69629
77237
1215
10885
-99900
93078
21932
-99828
61811
84641
26767
31690
6395
62290
-99814
-99752
59083
42187
93871
-2652
-99709
-99827
-99848
-99847
32655
-99988
-99999
-99749
3493
-99987
77404
-99809
26070
98489
71412
88748
35636
-99799
13198
-99932
-99868
-99737
-99987
67413
-99750
-99904
46615
-99880
85213
27742
-99904
40865
44026
-99827
-99911
-99980
-99815
-99909
57455
-99811
-99962
-99770
52952
-99729
-99767
-99741
94567
28969
26814
-99767
-2058
68264
-99749
30678
-99834
14679
-99927
-99852
-99871
49625
-99833
9161
-99767
-99779
-99790
-99973
53394
-99937
-99892
43087
-99871
14136
-99712
-99798
-99922
55224
-99743
-99823
38395
-99983
-99934
57850
42499
31577
-99767
-99990
70626
-99865
61943
98269
32086
15016
-99774
-99812
-99852
10173
82935
-99882
24601
75216
-99749
-99869
-99994
-99739
-99945
64196
-99801
-99876
31400
-99917
-99796
-99852
21377
55690
41881
-99967
96614
94299
45342
69422
-99747
12228
-99920
2746
-308
-99829
-99895
-99754
33585
-99929
-99735
-99918
-99740
-99762
59880
-99882
-99867
-99723
-99900
-99705
15490
25132
32961
56543
-99816
30804
-99731
-99971
7429
-53149
34523
53856
81619
-99943
-99857
-99865
62941
45451
-99967
12676
-99882
-99953
-99910
17313
-99706
-99841
31188
-99725
-99797
62884
-99909
91991
30624
-99705
33625
6937
-99702
-99815
-99969
-99948
74221
-99994
-99940
89582
-99853
46688
99093
-99905
-99968
-99927
62604
38742
55622
92708
-99935
20846
58737
51030
74095
-99939
-99870
43328
-99876
-99968
-99789
-99985
21699
-99818
-99902
61653
55472
71209
11729
-99993
90838
-99761
90972
80405
-99972
74483
94280
41818
35897
-99931
-99887
-99718
9842
-99916
-99792
-99779
-18000
97436
57833
-99840
-99712
94058
-99718
-99909
60223
-99866
63811
-99928
-99826
26614
53991
-99729
-99995
57158
-99919
-99761
94392
96911
22485
92269
-99743
-99795
64410
62400
94187
-99891
64472
57226
80522
71168
69369
-99910
-99955
-99911
46302
-99841
-99722
91396
-99878
-99946
-99890
42075
-99885
66037
-99851
-99937
-99891
57597
-99751
-99848
-99987
-99844
26965
-99773
-99937
81343
74826
42408
-99942
-99733
95333
-99816
34211
-99894
-99989
-99785
61181
26326
-99710
42382
-99829
-99887
-99982
33238
71632
68361
-99991
-99902
76830
-99815
3883
-99852
-99747
75132
-99784
77380
31685
-99921
-99737
-99784
-99922
-99723
77998
60836
-99858
1878
-99927
34767
52457
60929
68804
77881
61671
-99928
-99855
13947
-99977
-99725
-99964
61477
5956
-99743
-99854
-99880
86223
46155
59088
70116
-99970
61721
25632
18534
-99753
-99904
-99929
50413
-99973
-99938
48700
-99796
-99905
-99725
75694
-99778
62866
-99817
-99703
-99745
21325
10784
-99741
84413
-99991
-99934
59645
-99844
-99751
95681
-99882
-99718
16342
-99927
-99773
48149
-99832
-99865
53031
-99984
96406
-99740
-2326
-2914
58934
-99816
-99817
844
-99898
-99833
52123
25904
14210
-99756
70281
68570
91142
28730
-99992
37438
26353
-99972
42300
45304
52762
-1917
22523
-99939
61584
-99801
70971
-99719
-99763
-99736
1349
34192
-99824
-99842
68447
30957
-99776
-99959
-99934
-99865
38006
37508
51713
83401
-99782
-99844
51782
86822
-99765
-99820
-99844
-99897
96590
17224
66461
55235
82639
-99831
-99720
-99961
94136
-99776
-99808
-99704
10326
-99709
-99842
-99943
-99843
73431
319
-99930
-99788
-99701
-99967
15141
-99855
-99930
33181
96561
-99846
-99971
14415
-3672
70276
60146
-99830
-99844
-309
59602
90319
-99960
-99849
35520
-99986
65173
-99939
-99720
34688
-99785
-99762
-99848
-99949
-99756
39728
-99741
91062
-99970
-99941
24394
-99952
73908
54258
-99883
21119
-815
-99868
-99951
-99719
84453
-99857
-99773
-99725
-99774
-99760
9495
-99763
-99809
79122
-99765
44044
72636
-99985
-99891
-99878
79283
-99884
-99942
79510
-99790
89695
79805
-99919
-99941
-99785
-99729
63406
95120
-99860
-2224
66951
-99885
-99980
-99906
-99995
-99986
-99970
-99863
75215
-99890
86087
-99918
-99704
-99708
32576
27110
-99730
-99935
-99831
-99909
-99902
46738
7454
-99839
67310
-99967
42552
-99743
-99750
-99746
-99988
94076
29789
34160
-99973
-99911
-99929
46846
-99704
3938
-99920
34536
-99920
-99883
49102
-99967
11695
61696
-99721
97417
84742
10429
98891
59701
-99965
-99936
-99954
-99994
30881
-99877
32432
-99950
60396
-99753
51688
-99732
32160
-1309
26928
-99771
-99713
22738
-99792
-99900
-99909
-99873
-99706
-99968
-99867
-99897
-99878
-99976
90086
29626
40194
12995
1398
74238
-99970
-99735
-99831
-99934
-99790
-99921
-99953
-99860
-99973
-99724
47961
98094
52958
15387
69635
34114
97292
94280
-99835
-99739
25925
-99887
19274
98430
-99980
32021
-99733
76084
-99723
74186
-99817
-99847
95194
-99835
-3459
92210
59320
98215
-99753
43457
-99987
33277
94817
91642
-99856
71395
49798
1127
76121
62175
79563
-99957
-99980
-99836
20185
-99990
-99807
29990
53928
81219
4491
-99904
92476
-99908
-99949
-99929
78870
-99810
-99965
97761
73133
95559
-99879
-99958
-99864
98683
51795
14525
33165
36832
-99974
73224
-99940
-99770
-99839
86975
-99758
40113
-99905
-99935
-99870
52232
28124
-99884
-99723
90365
-99712
50414
1846
-99761
-99711
-99744
70905
-99935
-99909
31269
25307
-99877
-99824
8112
-99930
-99743
-99808
-99774
-99945
27411
-99806
60309
-99704
-99763
-99967
-99715
-99774
87169
2343
98091
63842
20580
40951
-99960
-99894
52523
38785
-99991
14700
-99813
-99935
-99851
-99739
-99854
-99787
-99940
-99942
28423
88475
-99715
-99925
-99830
49837
-99762
-99927
-99971
-99755
46416
8468
11554
96908
-99790
-99806
89724
-99969
49750
-99943
27997
81998
70166
34094
-99943
-99964
-99845
30004
60887
57325
-99721
87394
70782
-99762
22702
15225
75768
99807
-99811
-99798
6785
84196
58606
-99779
26864
81181
-99849
50337
32093
36871
73887
-99726
-99967
-99926
-99771
21269
-99909
66790
14809
8640
21933
54655
-99998
-99986
84719
-99984
10745
-99842
96383
40329
94010
96164
-99989
79121
82651
49172
-99978
-99765
33282
-99931
-99747
59163
-99958
-99750
86288
25768
-99718
96400
75370
-99734
-99871
1242
59505
-99764
-99955
-99861
-99808
-99846
74570
-99806
-99798
27420
60628
33094
-99992
98524
-99997
20848
-99727
52754
46790
82609
10356
-99755
-99909
-99741
28791
-99950
-99745
35209
43812
-99882
4737
-62
-99875
-99871
-99781
-99954
87598
-99919
-99841
-99845
-99874
-99851
-99992
-99704
-99768
31296
-99955
-99923
-99971
-99884
67159
-99841
33932
65066
63396
11538
79377
-99923
82788
18978
43346
-99920
-99834
55580
-99856
73023
8721
-99725
-99860
-99964
-99907
20543
88835
-99845
38784
74195
42786
14566
70093
-99777
74335
-99707
93422
40675
-99827
58352
-99800
-99948
42826
-99832
-99723
89966
-99723
-99991
-99981
42499
43579
39849
80502
-99822
-99904
7149
-99769
43202
49813
-99780
85089
-99923
-3504
-99712
-3014
-99967
17068
48175
85082
-99703
-99934
-99927
78394
-99996
58533
26541
83424
44517
6078
-99773
34300
-99949
51018
-99776
93853
-99942
-99855
-99741
-99879
-99965
-99979
77169
55509
21650
-99886
-99989
-99751
-99805
43333
-99734
13405
-2381
79036
-99820
-99989
-99840
90882
75408
-99802
-99996
84945
36081
-99974
-99779
-99987
-303
-99837
18022
-99955
-99897
84262
92552
7103
7471
-99880
-99983
-99917
-99711
-99830
-99905
12090
69204
-99737
-99907
-99746
-99836
-99810
49897
-99873
59760
-99817
-99840
-99830
94338
49356
32052
25465
10217
-99945
-99866
-99709
-99962
88734
-99959
55436
-99793
-99878
7840
43627
37732
6965
-99971
39066
1314
13402
-99846
79638
-1892
45662
-99828
13717
-99789
45563
9408
-99960
-99859
41162
1011
26827
12080
8857
67244
62637
75689
-99726
-99711
-99862
-99996
38417
9680
-99808
-99714
38835
-99975
82681
1978
-99956
-99926
98624
-99824
-99885
-2629
-99862
-99892
-99814
-99906
-99780
20885
-99872
-99801
2499
-99802
31887
-99960
-99746
96620
12615
-99975
70846
48461
66505
-99962
45551
27953
-99913
87911
30137
46711
-99750
8806
-99908
-99774
-99754
-99770
65208
13541
54153
51959
37635
3306
-99900
-2948
-99791
419
43698
-99745
-99900
46905
-99908
96486
-99872
-99741
17717
92473
-99892
-99805
36603
-99782
56275
-99779
11616
-99874
6229
-99961
40072
3093
-99902
28989
53573
-99929
98255
-99889
-99779
-99704
85457
-99881
92907
-99732
-99978
-99863
2420
-99701
-99988
-99714
-99817
60773
30340
-99834
-99728
7865
-99968
83777
-99978
-99969
-1025
-99919
-99891
65591
73450
-99922
64216
-99829
-2360
10718
-99988
18778
-99707
-99933
-99890
-99860
78232
4234
-99951
-99729
-99873
-99971
-99924
90362
-99748
16475
79254
73756
-99760
-99714
-99905
38980
-99751
-99704
90705
17002
64123
20643
3206
-99866
66385
-99780
28124
2983
34142
61102
-99942
-99723
47636
-99715
-99808
-99706
77321
-99907
15225
-99864
-99770
-99980
-99807
-99983
19419
10106
33255
-99907
-99902
366
-99843
27255
-99714
44208
92235
77796
74997
-99889
38020
76948
86776
32501
46709
26241
8971
-99794
53112
-99993
31307
-99777
-99889
-99951
42401
-99798
24909
50343
50748
46908
76996
67655
-99942
36512
47133
-99830
43307
47771
-99939
-99993
97158
85270
91372
-99786
-99739
98736
58910
16771
70407
67515
-99841
96934
39330
-99976
23157
-2916
9734
68459
69999
-99916
-99906
-99971
13660
-99839
96060
-99876
-99727
94195
-99880
91969
-99882
-99990
-99901
31391
-99915
-99848
-99883
-99801
-99710
38425
16955
85431
-99857
55265
43489
13580
55531
47398
5038
1526
-99713
-99828
96397
98890
-99909
-99737
-99883
16789
46002
-99726
-99849
44065
80104
26077
-99972
-99884
51501
13198
91663
85999
62860
-99780
10102
-99905
-99807
54146
40608
74492
76861
-99817
8574
17292
26694
-99930
21329
-99721
25738
48820
-99765
3052
-99793
25149
78786
93852
-99726
-99910
-99833
-99786
7785
58090
-99905
-99945
-99791
30992
76847
-99781
34820
-99913
18856
-99870
7162
18686
98711
45726
-99899
15938
8370
86193
-99712
88341
23874
77510
27468
42170
-99829
-99924
-99905
87691
-99984
-99763
-99888
3523
61780
41536
-99926
28242
-99870
34866
36346
29800
-99948
1602
23382
-99895
26174
-99789
2229
-99775
64706
37421
61312
-99802
80427
13488
43636
-99990
57479
-99862
4328
-99720
50623
3754
41918
7624
-99978
93309
93423
-99888
-99947
18853
17868
-99941
-99702
-99961
79774
-99810
25449
56997
-99715
78015
95727
-99926
-99953
77255
-99863
-99810
-99891
-99838
-99874
-99807
1012
57095
-99928
98683
1968
-99838
-99841
26072
-99756
-99868
84105
15370
-99812
-99730
68346
-99756
-99795
-99941
-99922
80166
71306
40634
-99997
-99944
-99754
86104
-99820
79040
-99929
-99711
45712
-99740
-99853
89557
78383
-672
42844
18591
-99797
-99906
86483
-99712
35800
79444
33584
-99997
61053
-99908
-99723
89465
-99740
-99928
96732
-99948
-99784
48356
-99895
51584
-99733
54496
86089
-99965
70665
-99909
91139
-99765
-99977
-99847
16458
72978
-99810
-99838
-99810
-99773
-99893
85891
34524
-99895
66783
-2472
83920
-99959
-99877
99557
-99907
4804
-99966
-99713
-99863
-99910
27587
42193
50539
81941
58464
38708
-99835
-99862
10640
47372
-99784
83114
12817
-99713
-99964
46009
-99884
-99754
20694
-99998
-99784
-99714
27438
63872
-99840
-99706
74460
44723
76926
-99799
-99916
61047
14935
-99764
-99703
-99780
66744
39993
5128
-99908
89075
-99799
-99904
14820
-99879
-99976
-99744
-99916
20860
-99708
-99996
-99800
94626
-99757
99116
-3151
-99962
50677
8373
83865
-99909
90969
-99735
29055
-99737
49072
-99857
-99875
-99786
-99857
-99951
39935
58439
-99727
-99762
21304
-99822
22049
74577
50240
38931
-988
-99868
77907
-99877
31368
95209
27701
66758
16016
-99732
58681
42039
-99906
76233
35501
36207
3045
-99843
-99731
83699
94744
31070
92985
-99881
34003
82330
-99835
-99774
-99724
48432
-99856
18456
-99756
-99901
-99862
-99783
-99923
-99992
66414
-2791
-99798
-99701
-99980
-99912
-99801
-99969
27061
-99984
98741
-99895
-99720
-99709
-99854
48056
-99759
-99952
98183
11366
-99965
41214
96484
-99774
-99801
-99714
-99958
-99972
71571
-99774
-99712
49573
13653
60470
-95829
5631
-88912
-99929
42509
93858
-99994
-99988
85800
60819
82776
97799
-99945
-99924
-99852
18019
55646
59969
57499
-99744
-99716
-99929
75448
24375
-99962
-99988
-99743
36185
77884
46475
47089
-99957
27196
41606
-99890
72532
18771
51328
-99731
16072
2914
-99786
-99955
32288
72363
-99917
-99863
-99742
23530
-99855
28154
-99748
-99891
-99709
2044
-99925
-99987
-99867
7818
-99775
49983
-1787
-99739
-99931
-99944
-99981
-99854
85816
-99767
-99704
86502
-99777
-99932
-99900
43866
-99873
-99809
-99799
-99921
69320
-99796
-99877
-99702
-99754
-99835
10941
40404
-99787
75235
-99989
-99873
1466
-99894
-99745
-99972
-99735
19145
43758
-99851
41168
-99988
-99967
-516
74615
-99870
-99855
-99909
-99911
21187
75470
-99920
96129
-99918
-99871
-99905
72630
91495
-99758
-99887
-99944
-99921
-99887
-99779
-568
-99826
66150
99196
-99767
-99966
-99930
1954
35011
-99843
16323
56056
-99813
-99908
15279
22386
5762
-99803
-99845
-99990
41691
-99968
77910
-99933
25220
23553
-99796
35059
-99872
-99928
43782
-99814
27379
-99894
63383
85351
-99863
-99937
-99969
37338
-99795
-99941
82144
96297
-99713
-99704
7776
41306
-99924
58245
89660
71974
-42933
-45761
3410
-99982
-99942
77188
-99751
24575
-99953
-99840
-99919
35875
-99788
-99925
15901
-99760
-99793
16719
-99726
48572
-99860
37158
-99768
70301
58643
47247
-99865
36674
30063
94917
54870
-99856
-1048
-99974
-99977
34284
29785
92412
68267
31882
98438
73037
-99842
70939
79712
-99725
-99820
-99936
49756
-99722
-99994
45246
-99851
16314
79294
91573
-99795
-99950
-99704
13434
89638
-99724
74878
-99902
55075
-99725
79414
70160
85888
38381
82280
29244
-99735
-99707
-99787
29336
-99819
-99706
-99888
-99783
-99914
-99998
71119
-99895
65307
-99733
32375
-99910
71
-92513
-66924
-2812
29085
-99998
-99736
-99834
-99793
12393
-99803
52811
-749
-99809
-99762
25821
97765
-99747
-99731
48506
9743
65910
-99783
-99710
-99907
4274
-99776
-99944
41153
-99701
-99741
-99813
59215
-99988
-99867
-99749
6227
-99935
-99993
87378
-99930
-99826
-99902
-99816
-99835
68514
61295
81215
47317
67408
15883
60785
-99883
-99912
76736
65648
63112
-99873
-99841
80157
-99920
24425
65343
42914
-99874
51835
45013
-99923
41564
-99720
-99779
52692
-31200
-11318
17292
-99918
-99727
-99719
74887
45073
79371
98768
54606
95630
-99978
31720
-99891
35740
-99764
92237
-99943
-99724
-99888
71527
-99896
-99746
-99733
-99709
-99939
70374
85977
27681
-99725
30189
58091
-99805
-99810
-99935
-99789
-99849
697
40584
81457
-99746
23897
-99804
-99792
25529
33808
