937
8027
-8184
-4231
7061
-6508
347
-6799
-4468
-2172
-9613
3870
-1416
-6121
6861
-5336
-9824
5419
2353
-1506
-702
-2730
-7700
6521
7907
-2040
351
-9127
-9016
-6513
853
7090
-1048
5130
9014
-1307
1015
8630
-6491
7303
-8976
-779
7628
9811
5714
1346
-2493
-7114
8336
596
-1079
-4097
215
280
-4948
4707
5861
7498
-8801
9745
-302
4013
7178
-6225
7223
-6651
7423
950
3225
9801
4456
-2183
-9441
2139
902
1893
1026
6242
-5496
-1987
-6634
-5581
4599
-9699
2265
8167
5351
-3293
-7675
-9150
-2487
-6349
-8263
-6531
6067
4521
4656
7243
8572
6742
-4409
19
-4246
-35
2724
-8753
-9261
1624
753
1539
2817
-6567
-8073
2951
4194
-9104
-7504
8574
-8076
4170
6288
4571
-4562
1282
1709
-5785
-1911
-9729
2770
-2120
9516
-342
-2530
-2694
-3378
-3553
4507
-702
-8139
-4055
-2972
837
6974
-1856
902
-9135
1815
9700
-255
9528
-333
-3985
2077
-8406
7614
-9911
6103
-6001
-1801
6555
5480
-7260
-6049
-7844
-1313
-1791
-8964
5969
-4019
-4304
5793
-154
-6029
6461
6691
-585
-4260
-3374
6908
8906
-3187
9403
2225
1407
3980
-6218
-7900
-2367
8959
-5256
-7972
8049
411
-8860
3535
-6117
8862
6943
7445
3033
3345
-6540
6601
5576
-5767
-3709
7340
-5617
3945
6060
-6651
8665
-4713
-4925
2826
-2303
4676
1301
-4110
-9554
-3432
121
1115
-2627
5359
9675
-913
-4555
-1241
6538
-7431
4687
-7187
5424
-9656
-5775
-2672
1938
1485
2775
-8900
3192
282
9695
7749
6941
-8633
-4656
2444
9013
8008
5106
6778
-6268
-4231
1463
2541
8596
-5454
8361
1379
-1091
-3297
5043
5126
1756
-9210
-6269
6933
849
-4810
9930
228
-7251
9650
-3570
8200
-3232
1786
-7949
6813
-5008
9661
-2549
2872
9427
-6510
-8405
6899
3744
-483
-7442
-2381
5379
3855
-1727
2627
597
570
7483
-614
-5953
-2697
3913
3466
-8855
-3032
4177
-6623
3422
-1732
7250
4320
8103
2665
-7425
-9505
5299
-6565
-5107
3269
7420
-3405
6619
-7495
3516
5304
-9425
2963
8698
4698
-3280
1581
6223
-9182
-6451
8025
5645
-7713
9557
-8784
8210
1347
-2960
7391
7862
-4853
1780
-569
2750
4914
-8201
-5066
-4230
-1430
8585
2569
4507
25
9178
1320
636
1212
-7741
-147
1486
6447
2404
9939
-4350
9473
6968
1366
8906
1931
3831
-5058
-8562
-5474
2658
2396
6408
-2958
-2754
4105
7211
-4008
-5257
6678
8406
804
-609
-4464
-272
-1291
9296
-6215
1308
3623
-843
-2659
-3412
-6503
-7967
7690
-5420
9226
1673
-7565
9128
3395
-8663
-3951
6302
4962
3886
6499
7748
-55
7191
-1333
2465
-5865
-4535
-5629
-3859
-2353
2729
-4957
-3915
7795
4773
2619
3420
8831
-3319
-8691
1781
-5843
-1291
-2378
3361
-4074
-7283
8511
-7603
2634
6144
-3653
8580
3712
-1415
-3970
-6327
-9086
6579
-7401
9903
3641
-3675
8903
7502
2462
2873
-9151
-7377
8576
8046
-4407
2896
8148
8970
3421
7536
3725
8504
181
9645
7459
-6372
5723
-6953
5496
-9618
2637
-7777
8705
-7072
6554
2988
-717
4985
-8341
8824
-1525
-2709
-8169
-2175
958
2277
1717
2071
9201
-3576
8656
-1441
-8098
1527
-5502
7133
-5131
-3428
-3798
4653
-6414
-7534
-9455
7430
-5860
-7493
-141
4140
-145
3532
774
-228
3747
-532
-3808
7309
1013
-6096
-2185
-3978
7829
-6333
5596
-1093
827
1697
1283
-5825
2320
4868
-9957
-1595
1269
9177
-5103
-9962
-3815
3247
4781
-1121
3285
2271
4396
8700
3362
-1513
571
-8956
-7583
6745
4959
7421
-5962
6623
5346
-7616
-5047
6511
8111
-3122
-7796
8559
-4432
-9586
9524
1909
2391
-9616
-8942
8007
944
-4589
-3401
6741
-9523
-6129
-7906
7466
-7669
-8799
2680
970
-6263
-64
5251
7759
4588
6968
3194
-7139
8190
-9358
1062
-1285
-5186
6409
-5393
9729
-6766
5990
4332
2542
-4774
-5931
3071
7387
1224
2590
3332
5277
-7425
9612
-9665
614
1734
-2697
-9977
7934
-9263
5984
5160
4987
-3616
-8028
-8234
-9907
-9956
-8322
7638
-553
7274
7704
9721
-8939
1484
-6225
-7200
5884
-7159
-9580
-6516
3027
6679
-7303
299
-8898
-4449
3269
-603
8786
-2820
-9998
-7062
1992
-8438
4593
6209
2933
-4565
-3255
2158
9341
2100
9321
-2898
-830
-3308
8274
-4444
9316
9354
-7967
-1444
1377
9006
2263
-6758
-8949
-3884
8093
113
5603
6619
4990
1275
-733
-2159
-2517
5648
423
-6947
-265
1583
3742
-9502
-3133
-4123
-1647
3383
1066
5831
9473
-8354
-2066
-5840
9934
-2458
-1991
4803
-6960
-5202
-7548
-2417
509
9071
7390
-2974
1677
-2371
-9378
-5205
9793
-1858
-8049
-62
-5425
-722
8905
449
1458
8191
8091
5695
5222
7144
-8930
-6800
2859
7425
3409
1850
8519
-7659
332
-6635
9666
-8855
-1858
-7115
4429
-3552
7430
3240
433
3448
4191
-4429
-5648
-4585
7445
-3968
-6494
-6047
8542
-4985
-8893
5969
5888
8915
861
-4174
-1784
-1172
-7096
-4808
-2302
-7018
-7859
7367
1450
-8106
6330
6832
2832
-7698
-9743
8174
6964
4384
3203
-7335
9033
-9981
-1610
9774
9135
-8483
9455
2095
-6461
-8042
-3566
3257
5178
-9954
-8088
-8930
9871
-1305
-2245
6881
2826
-1548
-4269
-571
-2235
914
1170
1638
3248
1777
240
-1884
-2462
-5997
793
-5174
-5272
-2048
-4409
7219
4897
-9011
11
-9104
-236
-1024
2203
-9234
-5747
7526
-7493
-328
4967
92
-1022
-9349
-4546
-5383
-5078
5715
2519
3310
-8341
6255
-7621
4952
-1702
-1017
8207
1772
-5777
-2000
2214
8683
-1033
-8030
5969
-1019
-9409
-4265
1338
-453
3021
5094
-8562
1273
4534
-6200
-7712
3594
3763
727
5234
7579
6642
-4663
3400
6904
8257
8755
2623
-9852
-9896
5703
721
650
-9791
4758
3138
9059
868
3823
-7124
-2899
-8726
5865
-3968
1853
5019
-3302
7334
8906
-3762
8485
3370
8042
-4705
9641
774
-1326
2286
-8524
-7522
6981
-8996
5562
-5938
-1351
2775
1543
-9815
-7668
7966
9734
1481
-8328
-4605
-1753
-5482
-4017
-5525
9429
-5634
-4143
1686
-6204
8154
2130
7754
1369
-9924
-3025
1030
-175
6224
8519
4993
2427
7186
-4171
-3305
6494
-6633
-563
-8095
-1334
4134
4060
-4894
-6044
4759
-9791
-7245
-7549
-910
-6117
-1041
2248
922
5565
-1617
-2202
6924
-6184
-3895
-7775
7354
2524
994
-4220
-3886
-2835
-8786
5769
2321
-964
5014
286
-399
-2975
4352
-9674
-2601
6275
-6502
2555
3346
-6274
-4623
4140
-3015
1931
-2306
5113
-1191
-8705
-3691
-2772
756
1329
9741
-3729
256
5175
1342
647
7173
-7402
-770
980
7401
877
839
1328
7315
-279
6242
-8316
-8718
7995
221
-54
-1990
-6338
-8454
2679
682
4642
3336
5367
-4724
-2612
-281
6968
6859
-8421
-8006
6044
2870
-5243
-7824
1577
4145
-8936
-1287
5798
-7058
-9807
9832
-871
-856
7938
-2759
-5906
6591
-273
5285
-3803
-7949
6216
7548
6528
-8840
4022
6215
8190
2428
-9100
-7472
-9993
-4874
-289
-4539
3660
9007
6571
1281
-8159
1697
-9199
-2038
-4169
-1825
2272
-8747
4296
3861
4729
3974
-2170
7029
-4512
-2030
-1779
-7088
4491
2217
6909
1663
1097
-84
-2046
9891
1128
1636
-9373
7926
7328
-307
-9534
-1251
7745
2638
-6859
7792
9619
-734
6783
732
-9116
-677
-6363
4379
6082
-5585
-6520
-2298
9896
6353
8062
-2062
-915
2622
-7940
-3145
8713
7697
9733
-1360
-1484
-4125
-8854
1716
8481
-3038
2622
-1280
-2759
1174
-1193
-2264
3282
5652
7967
-5066
-3862
6174
-6892
-4408
2740
-4533
-928
7883
-8531
-5762
2197
-6043
-2326
-8641
9179
-1643
4396
-4521
-9598
-3168
-7290
-2695
-2680
-1401
1291
-5410
-7869
1424
-1964
8652
-1138
4118
2950
7985
-7340
-1434
-2011
-3230
-3938
-2060
5437
2076
3738
-5085
2969
-94
-5462
-4888
4278
-7323
-6263
3324
1533
7052
1458
-8449
4234
-5516
5711
-6111
-9590
312
6051
6725
-8965
-2404
-9800
-6865
-979
-285
1529
-971
7235
-6646
-2274
4891
-5824
7623
-1331
-7866
7017
-8841
-715
-9722
9698
3198
-2432
2770
-5229
810
6732
1065
-6721
2199
-4727
8888
1958
2715
-6382
-9022
-575
4823
4309
-4527
-7085
-5835
6723
-6715
-6922
-5120
824
-7427
-8278
5640
-4698
3416
8207
-5011
8904
-4062
1832
-2750
2287
2267
-2586
-6721
-1083
3154
-7725
8887
-9522
6833
-3109
7758
-3408
-5191
90
-9493
-7020
1415
-5290
-3957
-2897
-6318
-9582
-1991
-9688
7892
-9661
2475
-9158
-3744
7089
-4290
-3338
-6907
-4570
-9497
8136
-8240
-5561
-4688
-6285
2954
2540
7187
7726
7073
-4798
8663
9856
7026
5224
9007
7194
9743
853
6659
7768
1636
4705
4691
-9780
8518
-5259
9286
-3978
1264
8917
8882
7306
-2208
7918
-3525
6393
-8175
6454
-8989
389
4160
3171
-6884
-8464
-3795
-1997
-2156
-7398
7808
-45
-2696
4463
-7589
-5482
-2494
-9169
2911
5655
-1527
657
-1948
1175
-3000
-6443
-3663
7268
-6378
-4764
-848
1996
638
-696
4276
-5153
-9848
-9099
9907
-6441
-4505
4816
5276
-5202
2144
6622
-6512
-2068
-5055
-2747
-7141
-2333
6878
-5298
-5756
-8769
4524
2749
-5942
5155
3230
2402
7610
-4568
-6959
-1332
9421
-1922
1847
-2329
-4530
-248
3334
9542
-1266
8417
6434
-5735
-8101
-4922
8871
-5090
-4347
-8507
7234
5744
-7818
-5259
-2615
8818
-4253
-8543
-7982
3460
-7103
-5443
-6762
6839
-1977
2373
-2652
-2394
-5284
1840
-7504
469
-5854
8187
9537
1995
1317
320
-6193
-2101
-1924
9105
3120
-7964
-8062
-4051
3830
255
-2511
2489
2355
7834
5676
5223
3020
8210
-592
2081
-9782
-2416
-9721
1312
6586
-9402
2986
1740
-1495
-4286
2714
2530
-8068
-7445
-1855
7329
6383
-9896
8043
4794
8206
-5914
-8239
-683
-3673
7031
5365
2090
397
9906
-2644
-8460
-5240
-8173
-2085
-7999
8321
-1218
9732
-8994
-9431
-6948
-133
7337
-7933
-1862
9245
4197
914
-8463
8974
4174
-6306
-4850
-2923
7441
-2576
1129
-2218
-6556
4300
-8985
7532
9001
-3485
5066
-218
-7755
-4161
-898
1290
-9622
-866
-7453
4925
3699
-7098
5365
-8908
9432
975
-1795
1874
-2415
-4502
6062
2711
7382
6582
9669
8412
-1595
4283
2900
4670
-9557
-8896
5496
-6014
4261
-9660
5308
3342
4608
8280
-8744
943
9291
-80
9820
-9459
4000
-8009
-1344
-6260
4388
5057
-3535
-5126
4289
-2899
6101
4750
-9201
-3008
3883
-5918
-6518
-847
3935
-3400
-2600
-3428
1573
304
4091
-8742
-2253
5329
-1426
9015
-997
-4531
-5126
-8004
8629
8368
5260
5252
4762
6660
-539
3642
-5729
-739
7582
5790
-8072
-845
-9386
8693
6194
-5092
4543
4167
-8415
-1410
-7546
4002
74
-6728
-4624
4290
-1171
6734
-6365
1267
-4461
-6366
4775
-6230
3516
-2064
-6835
-6733
-6610
1428
-7550
-5485
-9670
-5822
4162
-9242
-2626
-1095
1028
-7821
-283
8053
-6277
-2397
9596
-6394
3092
4513
-9626
9861
-2161
-2018
-7237
5276
1206
3773
2604
9434
5304
-4
-5561
-6754
-8075
-5173
194
2816
-7407
-5374
3949
-8911
5801
-4751
4394
5541
-6365
677
5212
6896
-5690
-947
8823
-3623
9366
-3601
5380
-2070
-2940
5379
9050
7622
-3147
1913
-4489
5356
797
4931
-6688
3991
7212
-8373
-4554
-3146
-1612
-760
5126
-2103
-3099
9576
5694
9861
-8930
-2493
-9296
7419
-7775
1310
3302
3805
-7919
1293
4376
9023
-5427
7696
-9972
-5037
4769
8103
2410
7967
-5443
5594
-8421
-7893
7238
7902
5243
6966
7622
8718
3771
4702
8139
3999
-1681
-2853
6970
-1523
6467
-4678
6572
9586
583
4015
-2262
-636
-3539
-4234
-6434
-792
-579
-8614
-2257
5118
-4100
7593
4066
9436
4192
3923
-8710
3244
6215
-3508
8807
-991
7622
1072
-3419
9465
3513
-1899
7333
-7797
1222
3352
4062
4557
-3929
-4742
-1722
-1457
8434
-1103
-3095
4813
1335
-4010
9506
8199
4378
-5159
1798
1405
5072
-2360
8786
5152
-3168
-7898
4297
9087
8613
-3465
-1292
7350
-8130
9385
-174
-2403
2918
8923
-7523
3587
-5350
5546
8626
7645
-7417
1684
-665
-3758
-168
-7760
-9487
8481
839
-7370
-7531
6788
-796
-9988
224
-5683
-7141
-9996
5918
5327
-3707
-547
9651
1805
-6046
-9930
3169
3202
5167
2584
-6316
5578
-1673
-8923
-8590
2753
4431
1920
-3339
614
-277
4590
-3247
-1518
-2863
-274
6350
7832
8791
3679
-7144
-4278
1687
-5510
-8539
381
1148
2294
2345
8511
1426
2296
4267
-2556
-6102
-2317
-9213
-3849
-6270
170
-2363
-7122
7271
-9774
-3412
-4983
-457
-4232
-4255
3926
-9001
-7672
430
-8371
-7910
8639
3497
3593
7622
-3746
-2753
-8290
-4227
5195
-8115
-9123
6938
-6914
-9011
-3629
643
-1323
-1336
-1329
-8750
8601
8381
-5545
4474
8285
-4135
-7134
-9764
7917
1203
-8230
4000
5971
6989
2061
7135
-7
4804
-9002
1800
-5962
688
-3405
3355
-7825
-5103
-3156
-1612
-63
-4762
9151
-9030
8973
-6090
-374
-9474
2402
-1744
6416
-7033
6185
-6717
9074
-9927
2649
1088
-1784
-4164
4505
-7734
5976
2444
2131
-4221
8697
9758
-13
-4289
1829
-8906
-4987
9222
7760
5231
-1031
8772
-6865
5469
-6450
-4246
-6154
9646
9892
2654
4458
-5546
-185
3661
-5715
-4737
1212
8514
7316
-1839
-298
6610
915
-8392
4024
-1683
-2343
7958
-5766
-956
-2724
-1575
7020
1485
-5884
-7994
9020
-9926
-9929
8849
9888
-1970
-3243
-5906
1207
-7948
-8687
5365
-4208
1612
5847
2829
-4671
1936
-4863
-4514
8272
-86
-3420
8872
9408
8104
-6740
-2209
4630
-5834
9017
-9376
1259
-8646
9180
5995
-6449
-4961
9297
-9308
-8535
1558
800
-829
2296
-4158
1222
-6015
-1955
-6259
911
9284
-2240
-6144
4156
-4123
3317
5079
3221
2963
-923
7301
-2399
5971
5839
-4448
-8645
-4258
383
-5568
-2374
-9610
9409
7427
-8153
1271
-3733
1843
-9720
3019
6051
-3076
-4861
-6702
4270
4457
-5687
7572
-2546
-2512
-1459
-3851
4527
2086
-7319
8484
1930
6653
-1673
-8485
-241
-3693
2327
-6462
4424
3336
6430
1729
2419
3524
4970
6157
-6660
417
5126
7573
7385
-8782
-4097
9925
-2579
-1776
6664
-5224
-5395
-6086
-1665
9166
-7521
-4566
-754
-5329
-2320
-2633
-459
-2839
3209
903
-7179
-7815
6479
7468
-7852
544
-7180
-5689
-5475
7782
-7578
7141
208
3405
-2964
-7669
5834
-6914
385
5259
-2583
-7954
3933
-8236
-1921
1008
-6394
9727
5756
4655
-2778
5232
1183
-3215
-9072
-5743
4484
-1543
6970
4096
7331
-1588
9295
-2930
-5813
5906
8681
9330
6440
-6291
6895
5146
-926
-6776
6116
769
-6117
1668
-6086
-8145
-9133
7222
3085
8532
-9985
-7457
6663
-9198
-2908
-3668
7083
5878
1703
7865
-829
3918
-3667
8370
9461
6249
8165
-3250
-3954
4648
-3907
767
-8055
-5959
1122
-6064
-5178
3865
2220
-539
6430
5298
3730
-7532
-8300
-4841
-353
-1450
-1084
784
-7798
-8615
9774
5334
-4061
3741
-3429
-1440
-5477
1565
-9656
9843
-8489
-8957
4362
6730
-2338
3402
-2030
3491
-6651
-68
-6029
-5874
-4161
-9065
-5981
-2471
-5365
8083
-7476
-9888
-7052
-2482
-8648
2772
2915
-5437
4757
5242
-9867
7814
835
-7592
2266
-4705
-6143
9967
1316
-9405
-1679
-948
5423
6882
9087
7579
-9533
1598
-6325
-1246
-8833
8590
3808
-6937
-6047
350
3607
353
-2024
6583
-9546
5393
3397
-5561
-241
-9966
-9777
-1881
-8897
-3269
-3557
-8111
9767
9421
-7683
-943
-2131
6852
-6345
3929
2682
-9277
-546
7629
3149
257
-6780
2262
-3189
-7641
-4047
-5044
6876
-4936
-6707
-576
3078
217
8197
-9281
3297
-6346
-4929
-1591
9153
-7167
7928
9531
-7307
3730
-166
-689
3732
3704
169
8272
-3691
-1477
-7305
-6423
-4854
8598
3031
-8694
-6751
-2049
-7918
4230
-3914
-2520
-5839
-4142
9740
-2518
-781
-6046
4440
8785
-4603
-9611
-7314
-6969
2031
9228
-3139
-3008
7738
-5017
-3280
9135
-8335
5913
-8038
9266
-3173
-8649
-2099
8363
-408
-193
7940
9677
-2019
-9378
7597
6113
6731
9873
-9672
-3569
-7289
2693
-8333
7691
162
1440
3102
9317
-37
-3818
9872
-6751
-8312
4150
6034
-5995
-2367
-1666
3552
-698
4221
5732
9692
8033
-8089
-7068
96
-6028
5390
3760
9569
2038
-9195
944
2558
6301
4662
-3120
-7221
6290
5306
2342
4069
1225
-6254
-1698
5089
-9363
-2801
8889
69
1270
-8104
2066
-5077
7732
3426
-1824
5374
-2713
-4857
-6696
1479
-2815
-3726
4589
3847
7942
5966
-4383
-1431
9768
-8852
670
-6249
-5292
8421
-2552
-556
-5823
9862
-2437
-9442
-7003
-4167
-6904
7414
-3683
-736
-7729
7842
9111
-2760
-4187
6767
-730
-2292
958
9079
-9134
567
7231
166
862
8058
-848
-9218
-5600
9766
5840
509
-5325
9977
-1183
-4831
-1537
-3700
-2353
-6671
83
-3781
-1958
-9665
1045
-8326
6847
6074
973
1942
-1974
-686
1671
-7107
-6598
-1995
2698
-911
2705
-4358
4922
-3332
9603
6359
3797
-5502
4715
7992
-4221
-7492
-4859
-5859
5445
873
-5433
-549
6305
4228
1795
6582
-7512
-5688
3431
-2654
-9502
838
-8791
5052
-4032
-2507
2714
695
8095
-5604
-5984
-4426
3376
-4629
-4838
-9629
9013
-5366
-8580
619
8630
5814
9525
-8029
-7670
-5277
109
-6127
3522
4914
-9997
-2428
7657
4414
8351
-4605
507
-2622
9894
-945
-5340
-1426
-1682
1269
1077
-1583
1690
-2308
504
-5248
6478
8049
7686
-1699
-1051
-9623
-3546
-374
91
1852
-6818
6713
2823
-452
-3093
-3729
-5295
535
-9130
3345
-7037
-6670
-1742
-9503
7838
9575
-8087
-9768
5459
-4476
-9833
4571
4421
-4146
-5964
-4728
8771
-5274
4469
1142
-8516
-4051
4153
-8854
-1386
3146
8658
5377
4147
-6435
-6493
628
9612
-730
-21
-1914
-9637
4783
-5917
-476
5063
6759
77
8301
-9419
-835
5695
3686
-2186
-2388
-2247
1259
-6424
-1638
-2459
3291
1325
-6974
-1313
-8304
5156
8614
9913
6920
9097
-2850
2499
3298
-7051
9975
-3684
-2185
-1462
9527
9024
-4016
9515
-2131
3670
-3722
-2708
-2532
-3469
1070
-1576
-2047
1286
-2982
-3955
4831
-4698
4147
-2788
4118
-5118
-6601
-2384
6733
1021
-4958
-1235
-6852
-6612
4246
-3897
-2434
1116
1972
2524
-774
9425
-6482
5260
2639
-9997
-3879
4649
5693
4743
1218
-2147
-7291
-9398
5197
1027
8553
4794
-1252
2219
-1274
4102
6511
5035
-1769
1700
-6413
8129
7117
9696
5892
-6748
-9529
881
1625
-1976
-564
-57
-4667
848
-4188
-8037
-7571
5992
-1515
9784
2205
-7795
-7498
-8037
1764
7182
-9673
-3553
719
-8646
1395
-6807
6070
-97
5120
6388
9878
-7490
447
6423
-8158
-5189
-9118
1710
389
-5396
1367
8146
-6891
6222
-1941
-952
2808
6227
693
-5098
-3904
-1749
-5137
-4918
4239
-3786
2692
-1281
-4322
2700
-9211
1978
-1752
-7939
2351
6093
808
-8242
-351
3799
-4493
4678
-9586
-101
-138
3427
-4934
-4595
1337
-6595
5756
-3585
-3956
-7946
-6982
-8309
-6460
4541
1254
-9671
-2243
2962
-4446
-8861
9791
7106
6598
6710
5805
4582
-6730
-2924
-3167
-2114
4165
-166
-1841
-4970
-7164
8460
-6151
4062
7086
6697
5615
3449
-9156
-2085
-6772
894
-598
-190
-394
-4717
3450
4593
-7959
-7707
-3827
-9547
8649
-8094
9214
-1592
2842
-607
-7614
-437
2057
1664
-7076
-9726
-4186
4608
2719
5598
937
8531
1494
-5917
6070
-2282
-2767
-7319
447
1099
-2624
8958
-1105
1315
-5960
5299
8580
6160
7469
-9475
8819
5500
-6312
-4939
5716
9621
9306
-7814
-2378
-9099
-5829
-739
5866
-5177
-5484
-7264
3851
1007
-3128
-9817
-1414
-6955
-9518
-3925
-3489
-611
-5242
-5242
9838
721
8260
-1499
757
-7663
-6866
-6442
-2456
-6858
-455
8771
-3867
3371
8771
-4450
-678
9330
8258
2837
-2268
7255
8611
-9287
-7074
1334
3035
-2384
-2345
7861
4053
-5676
8991
-5278
-5865
-6472
229
-7712
-173
9708
-7407
-5286
-4572
5839
-5133
-849
573
-7013
9049
-4395
-4878
7406
-4999
-4258
291
3920
8703
6564
-1790
-2946
9665
-2592
1086
4055
7617
3899
-1129
-3918
451
6669
2777
-9858
-8286
-6913
5053
-3913
9063
-1518
8919
9148
-1551
-3933
-6588
1561
2166
-1334
-9732
5942
6462
-4336
3933
7076
168
-4747
-889
-2389
4623
208
3001
8413
534
-3590
-9094
6059
4267
-1719
8838
-643
-5242
-9715
-5947
9027
5788
4075
-7564
-6093
-1999
-3197
-7438
8281
7545
9667
-5895
-9220
9653
5298
9455
7840
6971
-6707
6030
4240
-3958
3413
-7409
-1305
4981
-11
8344
-708
-4249
9761
3451
-1316
4771
3095
-4208
-9466
4985
-9698
-5608
8035
9130
3617
2235
-7025
8569
800
4373
-112
2690
-9299
8046
-6843
-8
6487
5135
4801
9946
-987
4769
4333
-1045
-6929
3278
9149
8775
4326
-9343
1285
369
4145
-6999
-5324
-38
-8736
8497
-3282
-9490
-445
-8958
-4050
-4089
-2789
8768
432
-8605
-4093
4180
-4098
-337
-3957
5283
9564
5755
9010
5092
2622
-7822
-4132
3616
9786
-5601
7346
5113
7458
1306
-782
8831
7839
6301
5124
-8807
8734
7622
-6131
-2846
-1700
-1476
5727
-7202
-6093
5632
-7160
1917
-8912
5665
-5153
0
6826
-2291
3701
-10000
9922
-2005
7673
-3436
3588
-5835
-5373
2005
2176
-6450
-7006
9844
-3390
-7315
-6025
-1377
5473
2675
-456
-6346
5933
-6081
7727
-9361
822
-7187
-6665
-244
6354
-4222
-9621
-5081
-1722
-6795
-4811
-7340
1855
6208
8828
-4478
3797
2089
7676
7231
6145
8328
-7712
5797
8252
7387
6580
-6768
-3182
6982
-4697
-9759
4985
-2911
-400
-6222
-722
-5527
-4090
-4891
2197
1718
2305
4792
-4860
-5797
-5990
-5373
-2894
3512
-9384
-4853
-6996
142
3629
9144
-2486
-804
9043
2836
8220
3572
8422
2434
-2366
9537
8608
-6377
-2108
-5096
9556
-5229
-3733
1218
-6104
-3543
2458
1080
3282
2059
4028
6248
-9194
9056
4079
5665
-3556
6770
7432
-1575
1573
4984
-1165
-6983
1479
1456
-9182
-4740
3857
6951
-3348
1838
1206
987
-701
6653
1134
-8799
5425
6100
4703
3715
7573
1245
7522
-2389
378
8341
-6273
-5380
1051
5370
-766
9158
4534
6811
-1983
-976
-800
-6855
-8608
7860
4164
-2141
-1796
-4280
-1617
-3238
-61
655
-8107
-3023
4451
726
-8477
5991
4110
-3218
-7326
2436
-3843
-6150
4318
9321
-3682
-2082
62
2613
-7494
5239
-3516
8364
9849
-7314
-7541
-9812
-6632
7692
2243
818
9918
5782
8569
-3646
-1735
-4760
-7494
-2141
-2795
-3387
823
-6772
4014
-8079
6479
6804
782
-8561
-4702
1037
5082
-6088
-7230
-4134
9924
-1066
7965
-5083
3924
3150
-8641
9213
-6183
4064
2288
1400
-5890
-4442
3388
2173
7328
-8868
-1483
981
6120
-8509
-8848
-3780
-4342
9175
-8302
8861
7047
5116
3398
-9228
-5508
-8671
4023
-9241
5387
2401
8659
2346
8810
1099
-9926
-7115
815
-938
-5141
-9733
-1406
4093
8436
9367
4886
-4335
-3502
6481
-9653
7554
-8204
-1351
-3019
1136
-6267
3928
-8943
380
-8354
-1746
5250
-5930
-2746
2064
4878
5622
1702
-4716
6628
2999
-8961
-8771
4806
-1865
-8090
6069
1415
-3688
-1252
-3694
-4061
6193
-9149
-251
-5790
1065
6841
5439
8675
1464
-9954
-8076
4044
-2417
3371
-7478
4075
-5334
-4718
229
3822
2120
-7935
-5482
-8904
5038
2904
8755
-2714
8243
-628
5496
1045
-1305
-7117
-5522
-2305
6421
3888
-9051
-3346
-1800
2442
-3985
-2200
9840
-1323
-7696
-2003
4160
-3529
2251
8474
-3539
1587
7598
-2929
-9285
272
3155
-8726
1889
-7008
4050
-5646
-5789
1616
-5626
2321
5243
8918
8310
9905
-2815
6166
-2893
-1870
6921
6595
3637
44
4472
-3084
5327
9192
2720
-2453
-2638
5674
-1070
151
-6753
-1590
-9239
5378
-4005
-4417
-299
-5015
-5209
5226
4598
-2982
-1023
1210
3494
-2796
3130
5244
-5397
6888
666
-2570
2040
5102
-8373
-9362
229
9276
3900
-947
3775
192
602
-6566
8053
182
-5745
-7985
-9577
732
1104
-1645
4741
-5694
6673
-982
6790
-3389
6071
-1983
-5250
-2341
2540
5951
1375
-8412
7781
1164
-8512
-9022
-3289
-2854
-9713
273
9335
9327
1785
5593
2645
2062
4301
7661
5072
4857
-3211
1504
-9451
-6562
4368
49
-9663
62
-8529
-574
9809
1594
-4895
-9861
3714
-6484
9351
-1103
6357
-2991
-2984
3116
-2020
8190
-3008
-2440
-9351
2391
691
4604
-6681
8223
8353
3823
8092
930
9562
-3689
788
1503
-8506
9955
-3109
-7752
-917
-3331
4880
-757
8930
-74
3215
232
-5650
-3419
-6812
8583
-700
-8337
-6840
9481
3613
-2147
4950
-3211
9699
497
-9899
4562
9104
-1771
-2965
9967
-6171
4048
-6287
5256
-4538
-2478
941
-1942
1612
-9650
-6942
3191
-4611
-9055
-226
-9169
2210
-3095
-1611
-9092
7120
-680
786
-6814
-773
-3812
1420
2845
2043
-2671
-933
-5330
8184
-4306
-7768
5800
6502
-2488
-4589
-980
5589
5814
-352
-5114
3338
-1633
-6858
7384
9156
9182
2316
6364
9078
-4043
2149
4433
8248
8753
2029
8306
-5170
-7925
-2575
-6306
-9460
-1401
5670
5536
-5424
3775
-9959
3472
3768
7079
7610
-1577
-5286
5498
2535
3660
-3677
-5293
6152
-4596
-5807
-8816
2066
5368
-325
7992
-4000
7769
-9322
6769
9026
-8539
2921
-3729
1642
258
8076
-6385
-1163
-5062
8084
-1306
6050
-8980
-9402
-6804
-9844
8777
4162
-7107
-9377
3134
-7768
9177
2611
1106
-2768
-12
8135
9752
1662
-4898
-435
-2694
-5876
7251
-7925
-5584
2961
-3653
-3932
9808
9532
-2571
-6262
9521
7164
-8435
3226
-7535
6948
5463
2503
5738
4067
-4739
7016
-3637
9141
9196
9671
-2633
5085
2361
-2545
6268
-3353
2078
626
6113
-9048
-1167
-15
5016
-1152
3913
6847
5076
-9724
3936
6859
8576
5038
4225
6481
-4533
-8815
-7378
-3926
-873
-2820
-5495
-2960
9124
-8806
-3408
-5252
6949
-5105
7949
2295
4836
1920
-1314
2908
8243
-2550
1831
-5816
-7875
5245
2362
8286
-3254
5118
511
-4219
3858
4659
7857
14
3905
1236
-3683
100
2358
-3650
296
1055
7237
1723
6928
-1477
7460
-6579
-8437
3995
-1840
8340
2321
2580
1811
-1134
-569
74
7109
-3283
-1316
-2577
-2748
-553
-9158
-5779
248
-1697
-9035
-8049
4060
1932
5681
-2649
-2868
9303
3910
3893
5247
5934
-2450
-1932
9775
9067
-1929
-6747
-1670
-3017
-883
-60
1557
3029
1066
-286
852
1682
-2340
5484
-1034
3713
5388
7005
-5166
-3089
2515
-7832
-8494
3867
505
1040
6138
6976
-1504
9146
5597
8288
5055
4422
-8340
-7375
7571
6055
-811
9280
-5112
8823
-144
6668
262
3883
-1928
-9149
-2083
-4883
6388
8995
-4737
-2372
-2013
9522
3952
-5634
-6397
-7095
8840
-8181
-6243
-7279
2760
-539
6293
6380
9318
2024
5505
-6426
5172
7002
-9870
2676
2442
5178
-5909
7630
4566
2283
-7192
3797
9204
1307
6186
-285
-6097
-2296
-709
-3886
1661
9144
-6808
-7205
7129
-1705
6099
-4282
-1435
5960
5381
9353
-72
-975
2451
-8084
2125
-2176
5482
3694
5974
-5000
-2560
5373
-7271
-5629
-3177
-5176
-4697
4945
6811
-3158
7829
7656
-940
1875
7386
1075
-9089
-8144
-7622
4997
6854
-5486
-1404
-7471
6702
1436
-8476
3400
-57
2467
-3795
-7987
1681
8786
5575
3802
9209
8282
479
-7314
-7018
-4269
-5189
2746
-3901
6057
1722
-3251
-2376
4365
9142
-8356
-3603
6330
-6573
-6634
114
-2148
-1259
2012
9060
-7846
2269
7343
-300
5548
8884
-7231
-4693
7415
6915
5874
-1740
2331
9816
3627
-7652
-3161
-972
-7178
-3917
7443
-603
-9187
-6792
-2302
7583
706
-9115
-9952
-6835
5902
-3277
8933
-1273
-3171
7426
-1408
3089
-4899
-6336
2752
5422
-806
-137
6866
-3476
-8139
397
9850
-5881
3560
-5685
8773
-4924
-5962
3481
-4214
-7654
6851
8462
8068
629
-3792
4430
-520
-3674
-8839
265
-2969
6085
-2224
1552
-9403
-1525
-9133
2781
5980
-4830
-9423
5026
-98
-5221
5582
9760
-9952
-2345
-1892
-501
1930
-7805
-218
-5627
2382
6454
8045
7528
-1554
5405
-439
-7088
4182
9493
5959
-4233
7562
6061
-1931
345
5119
1144
-4838
-7357
-1504
3699
-4237
-6832
9344
-3216
9661
-3789
8035
7149
-6673
-1049
3048
-3642
425
4844
-3244
1378
9175
6722
-7165
9496
1496
6008
587
-5309
-1036
6630
8582
2639
-7390
2321
-6207
6352
396
6589
-7162
8172
4459
-7752
4959
6495
6694
-4208
3989
-9966
-1045
6461
8358
-6106
6524
-2782
9384
-8716
9659
5638
2506
808
3605
-49
8381
8796
2827
4286
-3887
-7844
-2233
-9540
137
-8742
3452
-9204
5566
-8330
-8488
-4755
2171
-565
-5336
-7540
9850
-1023
5028
-7221
-6993
-2917
-9648
2106
-7917
-5224
8487
-9062
-5459
1533
-2963
-4079
1452
-2879
-8009
-1357
-8379
-7575
-5764
-2709
-5761
2150
7465
-8859
-9083
7372
4701
-4793
5610
7922
2747
-3300
2043
-4620
-4632
2538
1242
6699
2035
-7014
646
3630
1485
5375
-7204
-9077
9245
4701
4596
-9541
9841
66
-1658
-104
1621
9324
4809
294
-6120
-2895
-7363
-2482
6194
4868
4643
6805
5016
6015
-9594
8492
-8761
7475
3481
-8951
-9161
915
-5183
4807
-7022
5589
-4995
-2348
562
-1626
2543
-2851
9725
-1494
-4571
-6112
-4386
-692
-4576
322
-5456
-9071
5919
495
7232
-5314
5358
-1941
-5727
971
5105
-5695
2029
-7114
-431
3726
6530
3513
-6101
7150
2638
5028
4890
1640
8569
4153
-7851
5717
-8447
579
-7275
-5661
7107
1041
-8696
3249
4760
-7131
-227
-1297
-590
8637
7365
2159
-7003
-2769
4351
-6722
9088
-9798
-1491
5902
6053
9127
3082
-205
6647
-128
-4514
-4829
-295
-5479
3418
6918
-8505
8863
6396
9610
6526
-346
-6401
4248
4393
5904
-9543
-6125
-8912
6377
-1740
876
3075
-6230
-1082
8177
-6923
-4984
-3357
3560
2221
-4027
2820
-6069
4014
-6323
1724
3169
-3152
3082
6517
-4258
-7718
34
-7975
-9926
-2877
-8545
-680
-4936
4707
1923
-4896
850
-552
8821
-6631
-675
-2966
-2979
-3788
-5971
8110
-8457
-9099
-3536
5989
5864
-889
6484
9548
792
6416
7795
-1294
-4756
890
1451
2334
-5737
-5194
-4538
7747
-8316
4685
5401
1214
4272
5168
-4201
-7592
-355
2889
1187
-4244
-2792
3575
1059
-6232
-8157
-2250
-170
-9002
8340
-2016
1847
-9572
6983
-27
-198
-319
283
-8923
8517
6018
4364
7863
8132
-3452
-6491
1674
-2809
-4105
4129
6463
5107
4713
-2744
9173
5556
-2777
-8224
8185
-6952
-3729
-1146
-9228
-5078
5758
3905
136
9984
2983
-1038
3724
-6518
6981
8009
1085
-4854
-52
9959
74
-8759
8828
-2703
7742
-9726
-2303
384
-9325
-7163
-3661
-8908
8942
7664
-9031
-6123
-8844
160
801
-9088
-5459
3756
-2932
3033
107
406
1503
6084
-4954
-5036
-9547
4133
1833
-6648
-6187
4679
2553
-7360
5608
824
-4861
3063
2813
6714
8875
8280
-1864
-7619
-4109
-3251
3138
847
9453
-7926
-9646
-5969
321
408
6385
19
-1501
-121
9558
6180
-2683
-2969
-3048
9653
-3364
-2021
-3847
6180
56
-1675
8880
-6924
6359
6614
9017
5726
-8635
-4276
-5147
3018
4870
6284
8645
-8246
-5165
-5224
5231
-2988
3130
-9925
9052
-6820
-6671
-1288
7884
-5281
4020
-7150
-3354
5230
5553
7559
1058
6024
-4024
4099
-9059
2104
-6420
-1129
-744
-545
-5856
5329
-5854
-3403
-2228
-2832
6764
-5378
3863
-9729
8801
6428
-2092
5383
-713
8007
6992
-9379
8853
-7476
910
9019
6852
3257
817
-9095
-9411
1102
-4201
-4010
8605
6818
1336
-8361
-900
-6799
-4269
8249
-9609
6171
6889
6541
-2237
6724
6131
-3954
6661
-3828
-9405
-4525
5407
3230
4566
-5744
-6703
-8958
8121
-7136
-1967
3936
-7605
8408
-4995
2423
-9976
-5410
9365
-8021
4801
6660
-1571
6649
7633
-3787
7179
-474
6028
-4934
-6707
3424
189
1798
4146
-7377
-2043
907
-2638
4262
-4610
-8072
8679
367
9032
2641
-6048
8651
-1039
-1779
-280
-4834
-3403
-1643
-6590
4405
4212
-2389
-3871
7967
4701
-4884
-9623
-9360
-9631
-2773
6274
1739
8539
-562
-9809
1993
-3183
-8176
-9206
7782
4972
7852
857
-7536
-3753
-1162
972
6833
3785
-1742
-3942
-4526
979
3778
8961
-4405
-4022
9578
5753
6036
9297
517
7521
-4437
2713
9361
-1589
-5668
-2180
1061
9194
-657
4134
-4802
79
4750
961
1050
-2936
5990
3571
-7993
9986
8266
-3384
2572
9469
3990
-4157
-6475
1229
8224
5433
827
-2220
-4000
-306
5280
-2378
-8932
584
-5922
-7533
-1532
-4786
9838
-9855
3081
6332
3815
8728
-1428
-4288
6033
9496
-5540
2150
3336
9787
6535
-298
-7869
-4450
-5868
1447
4617
9901
1914
8411
-2394
-1589
-9192
-6762
-9377
5355
4512
7135
-5346
-2543
-4863
-3371
-7759
3864
-6006
5536
9759
-1939
5118
-6101
4786
-8672
7647
2630
664
2033
6141
1886
-4174
7935
-8855
8659
2169
-5406
1994
1766
8947
-9326
-4009
1577
7693
2668
8009
5144
8980
6685
110
-7164
2279
-4143
1173
-2664
-3696
-4383
-1122
9032
4131
9805
-1963
-8244
4412
638
-7625
-3585
7106
1531
-9268
-7839
-7652
2555
9218
-6717
-365
5901
4071
-6192
6204
3399
1220
-7279
3855
2267
-9312
2318
7207
1781
-9806
-856
-1650
6540
1811
6326
2816
7990
-8240
-2626
-6582
7414
-2198
-7157
-1662
-4269
-5700
3693
-2408
-7437
2478
433
-3581
5807
6324
3697
344
7812
-202
-1665
1224
909
-8147
-1383
8505
-5574
-3249
7099
3947
2755
2940
7117
1531
-9012
-705
-7806
-2291
8483
-8089
-3474
6604
-1373
-8032
-4020
8740
-3449
6621
2134
1440
-7080
-2794
2007
8634
-4638
5121
1497
2094
704
-9665
2038
4593
-1743
-1891
-8753
-1439
-8093
-6239
-4024
8446
9896
5406
-2576
-4866
8769
9885
-6283
6156
-2436
-7334
-8279
-6143
3150
-6681
-109
-3476
-6278
2646
-4961
1065
-5819
1903
4601
-7772
-2361
7770
5563
-8403
-1722
-2832
8004
-2262
-5777
9098
-8032
546
7694
3765
1588
-458
-3049
8156
-5008
-2407
1166
95
5152
-3026
7180
109
-1755
-5307
-5644
4278
4631
7029
1971
-499
3309
-6994
-2056
-6086
9410
-3130
3510
1494
-6618
9823
-2952
3058
-2258
5697
4374
5759
3836
-8163
-2267
2512
2035
2737
1057
7430
-7702
571
6
-9302
8862
157
-6657
-3363
-8497
9216
778
4891
-6544
-5224
-158
5095
-8488
2500
1269
2979
2169
9341
9078
-5979
-2437
-7451
-951
-9158
-1571
2857
-1631
5379
7751
669
8190
4932
3952
-5404
3886
1891
-2997
4875
-5462
-463
-6136
-6201
-390
5746
-845
8475
486
250
-4753
1510
4722
-2379
-4809
-3788
4033
3902
-5787
7766
-5935
-6644
8813
8440
-3992
2825
326
-5178
-1615
-1916
-5695
-7211
2219
3230
-8895
-2737
-5518
-6278
6334
6172
-7245
4854
217
-6194
-771
2829
5481
-9907
-4799
7364
-7760
2590
6441
-4180
2
-2982
-3254
