-10155
99996
-83011
-34049
99996
-70934
99992
-77044
99999
-78490
99998
17590
99995
-35105
99992
99994
-86799
-76905
-91786
-34644
-73920
-31673
-7406
99995
99995
99996
-14167
-24025
99999
10979
3628
-91564
99997
99997
99992
99992
99997
-59400
-40184
5661
-63204
-72747
-83900
99991
99996
99995
-75928
-77669
99999
-96433
99993
99995
-20137
-66932
99998
-79549
99997
7647
-62182
99994
99997
99999
-69185
-75746
99993
99998
99992
99994
99992
99996
99994
-7738
-69906
99996
99992
-77842
99999
-77763
99998
-39061
-96188
99993
-59216
-82270
-78487
-8543
-79626
-13180
99998
99992
-39577
99999
99998
-13815
99995
99997
13168
99998
99997
-18876
99998
-4502
-94102
-22733
-58181
99999
-75518
99992
99994
-610
-26222
99997
99996
99993
99996
99997
5869
-19963
-91535
99992
-27940
99994
-63651
-86185
99992
99994
-68176
-14940
-30619
-5422
99993
-48609
2316
99994
99995
99997
8886
-6321
5692
99991
99996
-21401
99998
99995
99992
99994
99994
99998
-37630
4423
-66927
-75012
99997
99997
99997
-15740
-39505
-7922
99998
99995
-58220
99997
99991
99994
99991
-81619
-63747
-2007
-82616
-50409
99991
99995
-68211
-83717
-97681
-41772
99994
-35163
-41395
-3826
12272
99999
-5387
99997
99995
-87962
99994
-26226
-76532
99999
99995
99993
99992
-47683
-7978
99997
-99075
-76832
99992
99992
-25583
99995
99992
99996
99995
99997
99991
99999
99992
99999
-74795
-909
4230
99996
-13791
9310
99994
99996
-64396
17527
99998
-87792
99998
99999
-55955
-51138
-43636
-85331
16083
99998
-28584
-20795
99993
-56440
99991
99995
-73563
-94239
-6055
99991
-2573
99991
-70788
-90700
-18950
99997
-68913
99996
-88440
-32028
99991
-97712
-77832
-59307
-26628
-62350
-71593
-89936
2416
10528
99997
99992
99991
-14404
99998
-57073
99998
-41421
-37076
99993
-79606
-35139
99994
99994
99993
-51006
-5465
99991
-27354
-50698
14286
99997
99997
99995
99995
-90582
-19499
-93536
99999
-15806
99994
99997
-23036
12298
-8306
-41153
-22858
99998
-66297
99993
99996
99992
99991
99991
99999
-23023
-50979
99997
99996
-78575
-39001
99996
99999
99994
-98919
-99829
-41749
99991
-40827
-97048
-68743
99999
99999
-91970
99998
-98618
-67967
-98504
99996
-29212
99991
99994
99991
-98347
99991
99998
-54382
-39070
99995
99992
99994
99994
99999
99991
99998
99992
-48814
99997
99992
99995
-317
-78218
-76083
-69484
-86480
-30446
-17423
-76516
99999
-10596
-95632
-89666
-1706
99993
99996
99992
99993
-37511
8655
-9660
-85169
99997
99997
8314
-86080
-33952
99993
99991
-9609
-7344
9371
99995
99996
99995
-75748
-72854
99991
-34267
-99420
-82664
99996
-32781
-46100
-58677
99999
99992
99999
8836
-67517
99998
-52123
-93872
-70981
-99777
99992
-37223
14037
99997
99999
-23664
-14762
99998
4085
-89047
99993
99997
99996
-99015
-59558
99998
-48878
99991
16295
99995
99991
-94286
99998
-93063
99997
-21657
99991
99998
99999
99995
-98
99991
-19943
99993
99997
-65857
99998
99992
-69038
99994
99996
99993
99992
99997
99994
16985
99996
-51726
99997
99991
99994
99995
-66495
99992
99993
99998
-22100
9230
-73018
99994
99994
99994
99991
-62084
16158
99999
-24527
99995
99999
-40726
-57082
-17694
99998
99992
99991
99996
-38321
99996
99995
-13052
-57275
-73090
99992
-82563
13216
-74063
-82501
-61236
-4336
-10886
-30766
99997
10045
-16640
-18350
99993
-82996
99996
232
1398
99992
-10867
-93955
99995
-93797
99995
99999
-11040
-59834
-8031
99992
99998
99993
-82303
-36342
-55540
-71320
-81310
-87482
-74519
-48949
99991
-67415
99999
99999
99992
-4024
99999
1575
-44206
-17125
-96483
-16601
-66295
99998
-79059
-46205
99999
-24669
-43427
-58335
-73481
99991
99993
99992
99995
-32179
-76876
-17094
-31454
-50384
99996
99993
16509
-96348
99992
99992
99996
99992
99991
99992
99995
8982
99997
-31901
99996
99997
99999
-54946
-80618
-70667
-34803
-51141
99993
99997
-53789
99991
99993
-53323
-13733
99994
99998
99996
99997
99998
99993
99994
-25088
-60931
-80965
99998
99998
-86219
99999
99995
-72622
-15744
-94805
6317
99992
99992
-82070
99992
-32586
6953
-50340
-10871
-62784
99991
99994
15156
-64648
99996
-32916
99995
99997
99994
-90313
-46933
-58687
-74508
99992
-88964
-922
7857
99996
-99849
8501
99997
99999
5331
99997
-11116
10306
99994
99995
-68986
99995
1891
15871
99993
-84527
-32862
99992
-57414
99995
99998
99998
-92956
99995
-52019
-76750
99992
99994
-98313
99994
-64639
99996
-19543
-79119
-67936
-50206
99991
99994
17469
99993
99995
99996
-45291
-37631
-59802
99995
99991
15314
-96842
12391
-6394
99991
99997
-22638
99999
-31612
99996
99995
-63798
99993
-87481
-80823
-27305
-81057
-70997
99997
-80186
-71070
99992
99995
99997
99993
99992
99991
99998
-73271
-34737
-54838
-80038
99995
99999
99997
-45904
-88896
-71064
99996
99993
99991
9102
-16295
-30632
99993
99997
-871
99998
-37208
-91124
99997
99998
99996
-74248
99995
-30738
99997
99991
-58072
99991
-9795
99992
-68497
-6066
-55720
-7588
13700
99992
99992
-832
99992
99992
8185
99991
99996
-40929
99991
99995
-51511
-95665
9206
10555
-60783
99999
-67198
-50573
-97847
99993
-21811
99993
99994
-93331
-89889
-74594
-47670
-7677
99996
99996
6752
99992
-94451
99992
17186
2311
-50079
99998
99994
99997
99992
-60544
-95893
-6470
99996
-91569
99991
-98351
99991
-512
99993
99992
99997
-32749
99992
6609
99999
99991
-69556
99994
99996
99995
99994
13151
99995
99993
99998
99999
-42231
13838
99999
99994
99992
99999
99991
99997
-73715
-63869
99992
-61473
-33297
99995
99998
-92033
-3822
2773
-40239
-63259
99996
-95157
99999
99995
99994
-17272
-81661
99994
-24324
15977
99994
-39441
13038
-31376
99993
99991
-58780
-30293
-69923
99996
-32057
99998
-26710
99993
99991
99999
-85634
-88925
99993
99996
-35286
8157
99996
99998
99993
99991
-70907
99993
99992
99993
-44335
-19889
-38608
-32676
-79636
-69054
99998
-29200
-69744
-59287
99996
-69246
-69392
99999
99996
-89734
99992
-28467
99995
99994
99998
99999
-16576
-40391
99995
99991
99996
6165
99993
-85443
99997
-90691
99992
-49426
-2971
99999
99999
-81418
99995
99992
99995
14229
-15143
99998
99994
99997
-8839
99995
99991
99994
99995
99991
99993
-8754
-85242
99996
4535
99998
-32614
-73289
99999
-56820
-63939
-17409
99992
99995
99996
99992
99993
-56941
99992
99992
-8492
-25196
-1148
99992
-3241
99997
99993
99996
99993
99991
-67043
-61634
99994
99991
-86096
99995
99996
99997
99994
99994
-79971
99995
99991
-25649
99999
-86247
-52984
16358
99991
99995
99995
-72837
-1289
-18018
99996
99996
99998
13406
99997
-76939
99994
-30356
99997
-11384
-41641
99999
-92634
99994
99995
99992
99996
99998
5136
-98326
99997
99998
99995
99999
99991
99999
-53144
-46308
99992
10531
-38522
99997
99994
99997
99998
99996
99999
99996
99998
99993
99994
99999
-33106
99997
99993
-93251
99998
-60925
-58923
-8757
99994
-92777
-40040
-82783
99996
99998
-73166
99994
99997
99997
-94966
99995
99992
99992
-23981
99997
2002
-88370
-65262
5140
-56141
99992
-32598
99992
14718
99997
-32008
99998
99996
-49187
-5789
-73778
-47027
99999
1643
99993
-83598
99996
99995
99999
99998
2268
99994
-92823
99998
-18833
-59883
-50784
99998
99994
-64208
99994
99999
-27877
-93294
99997
-90951
-34194
-32856
-23632
99994
-75031
99992
99993
99992
99993
-93459
99992
-25742
99994
99999
-576
-23746
8461
99999
99992
99999
-77876
-99057
99995
99993
-35437
99991
99993
99995
-45520
-43389
-78138
-20969
99994
-482
-84068
99999
99998
99997
99998
11301
-24910
99993
99995
-26954
99992
99997
99996
-53173
-46657
-82635
99992
-87798
6588
-77498
99998
389
99991
99995
-84213
99994
-81977
99999
-45476
-74432
-32034
-92395
99996
99995
-68551
-89301
17140
-69461
-89347
99991
-24598
99994
-90485
-27524
-92269
-53110
-64380
99995
99994
-16249
99997
-66551
99993
-91662
99992
-47929
-19526
-29746
-1573
99999
-28079
-93963
-16803
-85883
-66345
-78245
15917
13543
-28193
-50884
99997
99999
99994
99999
99996
99991
99991
99996
-74874
-96529
-42550
-44515
-76904
99991
-41559
99993
99993
99991
-51610
99997
99996
-6632
-21163
-88277
-76425
99998
-8581
-76709
99991
-15661
99999
99993
99994
99993
99997
-26259
-66729
99995
99995
-39389
-28325
-83372
99992
-87697
-96875
99996
99999
99999
99995
99999
99992
-1252
99992
99997
-31329
-63569
-71388
-69620
99994
-10044
99999
-20926
-63001
-79744
-1832
99998
879
99995
99995
-26486
99993
-25737
-21149
99992
99993
-8789
99998
-69348
99996
99996
99992
-60156
99994
99993
99994
99992
99998
-40565
99993
5772
99993
11390
-57326
-74104
99998
-25342
99992
-25651
99994
-41492
6597
99996
6825
5842
-3709
99996
99992
-10035
-74229
99995
-54655
-94609
99999
99994
-7992
-69671
99995
-51051
99994
-42884
99991
-7407
99999
99997
99999
-47428
99993
99998
-65806
99999
4657
99994
99991
-7937
99993
99996
99997
99993
99991
99999
-94884
99995
99999
99996
-74391
99995
99994
-45472
99992
99999
-40668
99998
99991
-86150
99994
-69356
-67433
99998
99994
99996
-74396
-30203
99994
-60457
-93348
99997
-21544
13370
-85240
99999
-74586
-44018
99996
-64722
99996
99997
13289
-31238
99996
-7074
99991
99996
-56025
99991
99995
-77982
-28668
99991
99991
99992
-7007
99998
99998
-87975
99994
99999
-64744
-20770
-14865
-46368
99999
-23940
99997
99993
99992
-26393
99996
99995
4751
99998
-59496
99996
-14277
-89283
-2292
-85556
99999
99994
-48405
99999
99992
99997
99997
99994
-62442
99998
99998
-15812
-36988
99992
-26406
99997
99991
99996
-28581
-15359
-34616
-63584
99997
99992
99991
-11015
-94827
99995
99995
-20937
-76648
99995
99993
99996
99997
99993
99997
-15329
99994
99992
99999
12006
-40818
-36386
99996
-61317
-92691
-42933
99998
-35533
-36365
99997
99997
99993
-66261
99999
99995
-51781
-93824
8723
99999
99994
99996
99994
99997
-55021
-14641
-60513
-44282
99994
-4441
99993
99997
99999
-80991
99993
-71449
-67747
99991
99998
99997
4109
-1890
12356
99994
99992
-11446
-61723
-45512
99991
-34849
-90272
-81738
-73050
99995
-65162
-81406
-85403
99995
99993
-61498
99991
99992
99998
3208
99996
-29897
99991
99996
-49357
-4787
99994
99997
-10235
-45984
-61947
-41738
-4607
99995
9917
-74654
99994
-45508
-35510
99995
-21796
14254
99995
-11589
99997
99992
99996
99999
-38759
-72364
99991
99993
-6101
1294
-67571
99993
-92469
99994
2510
99992
14954
99994
-40271
-29094
99995
-52894
-17355
99997
99999
99998
-73349
-27896
99991
99992
99996
9482
-692
99997
99995
-16275
-70054
-10011
99992
-3046
10358
-3268
4773
99996
-62220
-40163
99994
99994
99998
99995
99995
-56030
-63510
-16257
99995
99998
99999
99992
-36590
99997
-49144
-94000
-64364
17525
99999
99997
-14157
-71836
99993
99994
-63569
-33489
99998
-10757
-23354
-75761
7219
99998
17358
-11770
-89438
-60591
99997
99999
99992
99995
99996
99993
99998
99996
12444
99995
-69496
-14595
-71905
-98225
99993
-43723
99994
-66989
99997
-95418
-41703
99999
2298
99999
99999
-15961
99994
99992
-32994
-79801
-21249
99997
99994
7195
-30064
99992
99991
99995
-5467
15666
99995
-37645
99994
-75008
6544
-69688
-55293
99994
-7683
99995
99998
-56905
-48059
-11957
99992
-72599
-72750
99993
99998
-44067
99995
99992
99998
99994
-24011
99995
99991
-50573
-68785
99994
11665
99992
-58910
16179
-15934
-76417
99993
99993
-47238
99993
99995
99994
-54467
-87225
-4143
99998
99994
99994
-32954
99994
99999
99996
-74405
-2689
-28074
99998
-94409
-7600
99993
16504
99997
99996
99993
99997
99996
99999
-80152
-30518
99993
-44992
-99924
99994
-37733
13106
99994
99996
99992
-79946
99992
99991
13616
99992
99999
-79612
-70070
-27633
99993
14632
-50044
99991
99995
-66956
99996
99991
99994
-46847
99996
-42376
99998
9547
99994
99999
99997
-94428
17413
-59194
3537
-89573
-3145
-39032
99993
99996
-1678
99996
771
-34644
9771
99997
99997
-41422
-3981
99996
99991
99996
99992
-16599
99995
99991
-61778
-33578
99994
11563
-36764
99995
99997
99991
-86025
99993
-71318
-11779
99995
99998
99998
-11331
99997
99992
99999
-8752
99991
-80859
-92492
99998
99992
-80781
-84595
99996
99993
99991
-35972
99997
-68946
-27961
1842
99995
-49836
99995
-82440
-87428
-23766
-53316
3423
-51002
13141
99995
-33656
1253
17037
-82045
-84649
-51703
-47510
-24281
99993
99991
-40012
99996
99992
16421
-91724
-63165
99997
99997
99999
99994
99991
8488
99992
99993
-51440
99994
-12017
-60678
16173
-99619
-212
99991
99995
-6905
99996
-79370
803
-14799
-83092
99998
99993
99994
-19699
5070
99993
99999
99998
-14255
-37498
-5166
5541
99991
-54418
99997
99992
-58096
99991
99998
-58893
-69148
-27474
-34836
99994
-10458
99995
-44218
99997
99999
-40959
-38234
99998
3990
99998
11485
99994
99999
99995
99997
99994
-52557
-84109
-92876
-95338
-82212
12216
99999
99993
-36297
99998
-14718
99999
99999
99996
-14404
-52471
99994
-40719
-60823
99998
-62696
99995
99996
99994
99997
99998
99996
-58493
99992
-50737
17460
16168
99993
-91340
99995
99995
99991
-56580
99999
-14199
99992
-65789
-34927
-59142
-94996
99999
99996
99998
99995
99992
99995
-58989
-58481
-6098
-86458
-58630
99995
-21955
-69440
99991
99991
99994
99994
-82352
-83973
99998
-26224
99996
99995
-60653
-1732
99992
-58051
99993
8150
99995
-73998
99994
-1506
-27604
99992
17874
-57601
99992
99996
-96649
99998
99992
-86916
-8180
99994
-15178
-61718
99998
99998
99995
99992
99998
99998
6138
16178
99995
-72709
99991
-12804
99995
99996
99991
99991
99995
-79788
99993
99993
99994
99996
-99869
99996
99995
-85231
99997
-65777
-95431
-20239
99998
99998
99998
99997
-75541
-88590
-30177
14367
99999
-56028
99996
99995
6702
99995
-61125
99999
99991
-40505
-86827
-10646
99998
-62218
-28877
99998
-4963
99991
-30801
99993
99997
-76596
99999
99993
-79191
-41855
99996
-6324
99994
99996
-71978
99999
-9744
-12597
-79793
99991
-8535
10358
-89029
-48508
99999
99997
99993
99998
99999
-87080
99993
-11909
17807
99991
99996
-1999
6652
-23079
-30200
99999
99999
99999
99997
99994
99998
-52853
99998
99993
99993
-49924
99992
99999
-17026
-5059
99995
99996
99992
99995
-27221
-1805
-27783
99996
99992
-89147
99998
99997
99998
99997
99994
99998
-14855
-18404
99993
99998
-46441
-61427
99993
99994
99996
99991
99991
99991
99994
99995
-58948
99993
99998
99995
99996
-50180
-88172
3816
99992
99993
99995
-79684
-94551
99999
-77305
-2876
99999
-64847
99997
-86083
99993
99995
-65323
-37162
99995
99997
-44088
-83496
99999
-98179
11425
99995
-61906
-15188
99994
99998
6187
99998
99999
-70362
99991
10194
99996
99992
-21150
99998
99997
-19590
99996
-85525
-699
-87400
-25361
99993
-99009
-88362
99995
-58508
-77964
5956
99998
-7024
99999
13756
-74864
99991
99996
99998
-18727
-40760
99995
99999
99993
-19127
99993
-14107
99994
-2949
7110
99995
99991
-55693
17244
99994
-12586
-97337
-42636
99996
99994
11969
10820
-24955
99993
-95303
99992
-66921
99998
2098
99999
-2883
-18450
99994
99994
99998
-9388
15774
-1104
-27744
13476
-94161
-62355
99992
11452
-85260
-38432
-11244
99991
99999
-40613
-15268
1421
99997
-64725
99993
-50167
99998
99992
99994
-13905
3434
99997
-71007
-10265
99995
99999
17628
-93081
99994
99994
-45349
-33651
17094
-93285
3831
99992
99998
16034
99998
99997
99991
1045
99999
-78351
99994
99995
-39322
99995
99996
-27237
99999
99993
-54739
-50187
-67770
99994
99999
-86658
99991
99996
-25422
-46547
-83520
-28623
-47816
99993
99994
-73393
-65389
99996
6997
99998
16754
-87272
-66633
-4910
99999
-37060
99998
99991
99995
-28178
-61931
2771
-6344
99995
-34085
99997
4188
99998
99998
99999
11739
7358
-88590
-97242
-6284
16082
99991
99992
99994
-73219
-62834
99995
99993
-99131
99995
99993
-67087
-37331
-48938
99999
-22009
99994
-28228
-24980
99993
-69240
-9239
99996
-16598
-64603
99996
-94141
99998
99998
99996
-1529
-39735
-72663
99993
-68422
99996
99997
3113
7155
99992
99993
99991
-73339
99998
99994
99996
99997
-8886
99998
99995
-9635
-79872
-25229
99996
99996
99994
99997
99997
99991
99991
99999
-45951
-2271
99998
99994
99995
-47279
-89636
-42215
6964
-63983
-1581
16319
99997
-73174
99996
99995
-57752
-22182
17105
99999
99996
99997
-36315
-4815
99994
7288
-52754
-22521
99998
-39815
9985
-53325
99991
99998
-45032
17161
99995
99991
-52567
14902
-1892
99991
-58587
-85110
99993
99992
-44636
-32317
17667
99993
-85604
99994
-61805
99998
-14665
-62402
-82896
4731
-82390
-1387
99999
-89347
-17270
14897
-86434
99996
99997
99992
-18162
-84247
-91044
-56875
99998
-573
99997
-12284
99996
9224
99996
99992
-21529
99994
-22898
-64894
-52605
-99063
99996
99998
99997
-4852
99997
99999
99996
99992
-95675
99996
99991
99995
99993
99998
99997
-1200
-20343
99995
99994
99993
99993
99991
99999
16865
99999
99991
99997
99997
99991
99991
99999
-57332
-52725
99992
-18102
-22099
-19722
99993
99992
-61714
-56544
-97561
99995
-17328
-88951
-2531
99992
9452
-3692
99998
99998
-63012
-89336
548
99991
99991
-90104
99999
99991
-80207
99994
14046
-64363
-47835
-7852
99998
99997
99998
99995
99998
-36020
-76449
-27594
-15317
99991
99997
99991
-72333
-2837
-56034
-92777
13494
99997
99997
99994
99993
15793
-22464
16188
99998
99997
99998
99994
-87398
99999
99995
-5742
99997
99995
99991
-50462
-11463
99998
9918
-17776
99999
17622
-59298
-74358
-92298
99999
-22043
99992
15899
-5303
99995
99994
99996
-71223
1541
-26308
-13175
99999
99992
-80201
99993
-36597
99992
99993
-60857
99999
-92517
99993
-85115
-32018
99996
99997
-74657
99993
-40086
-64884
-9960
-68056
99995
-65008
99998
99993
-94898
-75173
-46250
-21281
-76636
13458
99992
99997
99999
-55114
99997
-26315
99994
99997
-69083
99994
8298
99991
99992
-73942
99998
99991
-87253
99997
99998
16788
99997
99993
99991
99994
-2820
99996
-3691
-20733
-68523
-19996
99996
-36148
-80919
-67124
99997
99997
-81115
-46496
644
99994
-97980
99996
-26620
99994
99991
-51683
-76551
12979
7220
99992
-92066
99994
-34651
-31967
99999
-78974
99996
-60624
-21972
-10808
99999
-57312
99995
-34098
-29826
99997
99991
-29166
-89875
-12122
-41003
99991
99992
-2558
-86875
99999
-25910
99995
11839
-86058
-36332
99999
-35890
-63758
99999
-44999
-7789
99997
-66756
-11983
-20126
99991
99997
99992
-45420
-15106
-38961
99995
99992
-74529
99992
99994
99992
99999
12635
-54155
-69704
99995
16283
9533
99991
99995
-74199
99999
99996
-38350
99999
99994
-67895
99992
-22189
99994
6097
-82410
99994
99991
-24329
-38071
99999
99999
99997
99992
-48175
-98010
2232
-62200
-94846
99999
99999
7889
-73313
-53293
99996
99996
99997
99995
-78048
99999
-34140
99994
99994
-84677
99997
99992
13786
99992
-14120
-64490
99993
99996
99991
99994
99994
99996
-52439
-20119
-9001
99992
-34320
-33755
99995
-7526
11400
99995
99999
-15434
99997
-97478
99991
99998
99999
-92767
99994
4543
99996
99993
-3284
99997
-11623
99992
99991
99999
-58721
-23296
99992
99992
99992
-48009
99993
99992
-67155
99998
99998
99999
99998
-24326
-48692
99999
99997
-19316
99998
-36866
99996
99993
99995
-18180
-8647
-36027
99996
-60353
-63216
11719
99992
99999
-5145
-61583
-97573
99996
-40386
99999
-30213
99992
3085
16835
99993
-63821
-38903
99996
99998
99999
-62258
99993
-7806
-73741
-56185
-17873
99992
-51005
7691
-71907
99991
99997
-6159
99991
99995
99991
99998
-2494
-85271
99995
99995
-14030
99998
-14538
-37029
99996
-17701
99995
-3682
99991
99997
-2794
99997
-37022
-23587
99997
99993
2802
99995
-71703
-17241
-56652
99997
10411
99999
99998
-12577
-96068
15712
99993
-28276
99996
99999
-32871
99997
-99734
99994
99991
99997
-61190
99991
-28182
99992
-32576
99994
99999
-86932
-17002
99998
99997
-66545
99991
99998
99994
99991
99996
99992
-29626
99995
-36548
-91433
99995
-519
-94845
99999
99992
13483
9128
99994
-55260
-3983
10157
8773
99997
99991
99996
99998
-69135
99999
99993
6231
99996
99994
-72695
-21241
99991
99997
99997
99996
-46450
99991
-83152
-83138
-1187
99992
-82612
99994
99999
7380
99998
10648
-41550
-33106
99994
13760
-77940
-48124
-8065
99999
-80871
339
99992
99997
99999
-38854
-73476
99998
-40020
99995
99991
99994
17348
99998
99995
-99163
-86906
99995
-88056
99992
99997
-43175
14697
99995
99999
-45331
99991
-27559
99994
99993
99991
99999
14446
99995
99997
99993
-32841
211
99999
-36755
99995
99999
-63857
99997
-3962
11700
-19997
3506
-1909
-61856
2751
99999
99998
-55619
99993
-51223
-74622
99997
17223
-67315
99998
99995
-98166
-76938
2285
99997
99991
99995
-75690
-98935
17266
-26108
99995
99996
-87744
99994
-33517
11527
-13515
99996
99992
99991
-8902
-28980
99997
-9546
99991
-60553
99996
-92089
-80246
-97899
4681
99994
-2144
3842
99996
-35518
-57133
-81524
99992
-91292
-94316
-70703
11434
-98156
-97203
1009
99993
-30841
-37059
-36526
-70159
-11568
99994
-27707
-99468
99997
-32721
99994
99996
99995
-32295
6382
-64175
-25929
99991
14091
99991
-29501
-53753
9030
-31823
15730
-62325
99992
99991
99998
99999
99995
99991
99992
-68696
99993
99998
-82722
99996
-28028
-83777
-8359
-66986
99995
-72344
99995
13996
-74677
99999
99998
99997
99991
99992
-90053
99994
99991
99994
-35525
-13670
99992
-95553
99996
-32097
99997
-78080
-35313
99999
-86350
-10850
2244
-5683
99992
99998
-95292
99997
99993
99998
99993
-15324
-79904
4191
-91173
99996
99995
99998
8645
-43375
99997
99994
99997
-21621
99993
13600
-19156
99999
99993
-77149
-70399
-34406
99993
99999
99992
-77652
-92954
99998
99996
99996
99999
-81422
-88989
11635
-49285
-93246
99992
99991
791
99997
-10127
-22198
-85317
-63113
-12101
99993
99997
99996
99993
-51314
99999
99997
15664
-16334
99994
-40564
-7045
99994
-11293
99993
-64212
99996
-17561
99991
99993
99995
-62163
99995
-4910
99997
99991
-44696
-46589
-36468
-11989
99997
99998
-20772
99998
-72067
-37488
99999
-39843
-12521
99999
99991
-40193
-90434
-70508
-30322
4274
-89185
99995
99993
99991
-2919
99996
99996
99999
99992
-59261
99995
-7771
99991
-28525
99998
-6238
-303
-99530
99997
-74354
99992
12414
99996
4031
-69516
-18914
12632
-66857
11525
99992
99991
99998
99995
-49212
99998
99995
99994
-85099
99992
99994
-23264
-93755
-257
-16843
-86779
-7072
99991
99992
99997
-20462
99998
-34870
-60970
99993
99998
99995
99991
-35475
-86390
-61717
-29923
99997
99991
99991
10234
99997
-51889
99998
-8732
-49581
1051
99999
99994
-24951
-37730
-1312
-97400
99995
-83438
99996
99996
396
-68551
99995
99992
-38331
99994
99992
-72177
-91394
-64696
99991
-74220
99991
99997
99991
99991
99999
99995
99996
99992
-14894
99999
99998
99998
99992
99995
99996
-43049
-4290
3501
99994
-68845
99991
99992
99993
99995
-24527
99994
99992
99991
99991
7808
-61082
-7856
99992
99992
-40672
99995
99998
99998
-52879
99993
-91792
-54197
99991
16113
99998
99992
99992
99997
99993
-94652
99995
99999
-43181
99994
99998
99996
-19794
-58015
-67650
99997
99993
99996
-42964
-30732
99999
-94035
-21398
-77433
-49367
99996
14944
-60364
99991
99995
99992
99999
99997
-58467
-41619
99999
-93929
-43199
-97370
99996
-55107
99998
99991
99992
99994
-40784
99994
99996
-81231
-29047
-67409
-89803
99991
99992
99998
-16975
-89567
99997
99994
-10645
99992
99996
99991
-60653
-33348
-99610
4925
99992
99996
99997
99992
99996
-24072
99997
99999
-74526
99993
-34336
-44223
99996
99997
-69759
-2257
99993
-8771
99995
99999
99995
99991
-28353
99999
-57354
99991
-66053
-95039
-86226
99991
-25314
5487
-42074
99991
99997
8282
-45373
99991
-55289
99997
-53100
99998
-85621
-42112
-17114
-72525
-45635
-19283
-4603
-10507
99996
-24474
-38823
-64233
99991
99994
-36039
-9362
-10726
8017
13870
99999
99994
99999
99994
99993
-87062
99992
99998
99994
-74693
99999
99994
99991
-30182
6589
-88088
-55168
99997
99992
99994
99997
-55594
99995
99997
-64445
-87187
-45189
99999
-47404
-33212
99992
99991
-90684
-3610
99992
-22572
99994
-36107
-47497
99991
-73645
99996
-69054
99999
-57490
-22731
-69489
99998
-97973
-35014
-70173
2187
99994
-65667
99999
99993
99995
99993
-79047
-58258
99991
99993
-50699
99994
99999
-91287
-55634
16476
-84397
99995
17208
99999
99999
-30992
4467
-8230
-3800
99995
-53281
-67012
99994
99994
99998
99996
99991
15549
99995
99998
-60670
-57320
-45421
-46316
496
99996
99999
-28978
99995
-94496
99993
-8187
99993
99992
-49431
-53063
-87516
-10957
99993
99999
99998
99996
99997
-16381
99991
99998
-74283
-41347
-70456
99996
99995
-60730
-31986
99999
99998
-4968
99994
99992
-2137
-27596
99992
-71993
99991
-24622
99996
-29547
7729
99992
-19780
-45708
-71767
-69481
99995
787
-27898
-58219
99995
-97379
99994
-8609
99995
99995
-41744
99997
99998
99995
-55823
-4679
99992
-53374
99991
99995
-4357
99997
99998
99992
-14276
-66565
-49574
-8412
99998
99997
99998
-33592
99991
-13528
-44601
99998
99998
99997
-74588
99999
99996
-78731
99998
-18471
1096
99994
99999
99993
99999
-6691
14780
17330
99992
99993
99999
99991
99995
99997
99993
99996
-86879
-13938
-87673
-36990
-89834
-58192
13386
99997
6047
-43611
99992
-57136
99997
99993
99994
99997
-50047
-84161
-23953
-36435
-76768
99997
99997
99995
99996
99999
99997
99991
-14459
99999
-64471
-65858
99994
-64060
99991
99994
99991
-38726
99991
99997
-84561
-5013
-51231
-22426
-77592
2539
-24146
-7408
99994
-42867
99996
99997
-98721
99991
-93582
99999
-41905
-10024
-87123
-93013
-77682
-98866
99996
99997
-27773
-36696
99991
99992
-28511
99997
99998
14532
13330
-70648
-5501
-71032
99997
9399
-29229
-15168
-52683
99991
99999
-2428
4380
99995
99997
99992
-37100
-89741
99998
-5753
-90948
4271
-95971
99997
-91160
99996
99997
-94544
1965
-43836
-63806
-65108
99997
99991
5808
-73165
-74779
99995
-39236
-43492
6988
-89169
8123
99997
99995
-19292
99998
-21672
99996
-22793
99993
99994
99999
99999
99996
17646
-57790
-31320
99992
-71957
13236
99993
10828
-159
99995
99998
99997
4028
-84655
-56170
-22987
99999
-8723
99991
14450
8523
99997
99994
-1606
10418
6841
99999
-28036
99998
-85648
99996
99996
99999
99992
-8598
99997
99993
14998
99991
99991
99995
99994
-56317
99995
-39941
99996
-85464
-79431
-71133
-54284
-93313
99997
99999
-38204
99999
-83206
99995
14747
-83896
-73755
-86258
99999
99993
-19484
99996
-56321
-8437
11986
-36020
99992
-56546
99993
1618
-73790
99992
-55049
-17916
99994
99998
-80742
99998
99997
99997
99997
99996
99991
99992
-52433
99994
99991
-42858
99994
99994
99993
-35418
99994
99997
7740
-61259
99995
99997
99998
99996
99995
-70776
-86436
99998
-894
99996
99999
99994
99994
99993
99991
16414
99998
99994
99998
99992
99992
-3760
2574
99993
99999
99994
99991
-12154
99991
99999
99993
12537
99992
99996
99994
-33149
99992
99992
99993
99996
99991
99999
-15615
99998
-23865
-84057
99992
99998
-65195
99992
99996
99992
99995
99996
-6663
-18895
-62405
99991
-66894
-14418
99993
-91724
99991
-6486
-77220
99992
-34808
-12026
99999
-68027
99996
-13580
99993
99993
-24583
-7195
99998
99996
99999
99992
-38293
99991
99997
-68847
-97229
99999
99998
-48890
3248
99996
99996
3548
-71683
-76852
99995
-83222
-14009
99999
-38722
-2887
99994
99993
-29580
99996
-16340
-84275
99993
99995
99999
-36568
11469
-46387
99996
99991
99999
99999
99995
99998
99991
-89978
-37233
-51817
99998
13273
99995
99997
99998
-16300
-58603
99991
-87896
-26658
9874
99995
99993
99991
-6846
99997
99999
-44422
99997
9470
-77721
99993
-15619
99996
99992
-57369
-98075
99995
99997
99991
99999
-44824
99997
99994
99996
99992
99994
99997
-89323
99997
-52298
99998
-55535
99997
-43641
99994
99992
-95288
-44072
-43728
99995
99991
-86264
-57333
99996
99993
99995
-67083
-6779
-80794
99999
99994
-53764
99993
-97836
99999
-3931
99998
99998
-20094
-8893
630
-84044
-29311
99993
99999
-40296
99991
-49349
-3048
-87954
13148
-65517
99996
99996
-33466
-18110
99992
99994
99994
99991
99991
-49865
-38281
-21780
99995
-68426
-35066
-79561
-19241
99995
99991
-96570
99991
99992
99991
99995
99999
99993
-96125
99995
99992
-20061
-34337
-22049
99993
99994
-60255
-25976
99996
-52612
-53076
99999
-14674
9602
99996
99992
-46360
99999
99997
-40930
99995
99991
-86482
99991
-87022
99992
99992
99993
99997
99998
99999
-68350
2791
-88510
-44668
99996
99994
99997
99993
99997
99992
5660
99999
99993
-80628
-72655
99992
-65437
-48791
-4041
-29338
-97896
14342
99993
-47314
99996
-88561
-64865
99997
99992
99998
99991
17090
-43301
99994
-13314
99995
99996
99994
-67119
16400
-73379
-4736
99993
-88073
99996
-71759
-95610
99998
-18923
99992
99995
-63788
99996
-14390
-87011
99999
99998
99995
-27496
-55370
-7213
-88920
99992
99994
99995
-16175
99991
-66554
1788
-48238
99999
99992
99995
99991
-8535
-94523
-37211
99993
-23175
-88674
99994
-75138
99994
99995
-35006
99999
99997
99991
99999
-44165
-44817
-26402
99999
99991
-143
99999
-84078
99993
99995
13335
99998
99997
99991
99999
-68650
-20343
-28381
99997
4520
99999
99992
99997
99991
-34686
99998
-60587
-22541
99993
99992
99994
-55015
99994
-47619
-84668
99997
-62138
-90123
-70354
99993
-58921
99991
99992
99999
99996
-15551
10241
99995
99995
99991
-2178
99998
99998
-17968
99997
99992
-37182
99995
-86357
-14788
-96773
-37987
-31606
99991
-309
-54929
99992
-93632
99999
99994
-98727
99997
99996
99999
-42363
99996
8644
-62281
-54811
-37858
-22315
99991
99992
99992
-85192
-2199
99998
-93715
99994
99999
-33777
99997
99994
-80379
99997
99995
99999
-47765
-2696
99992
-16520
99998
99999
-65680
99998
-26460
-72736
-6534
-4969
99994
99999
99993
99995
99999
99993
99997
99999
-47782
-16058
-84747
99996
-76530
99991
99995
99993
16027
-52464
-54047
-13729
-66926
99991
-39311
99996
99991
99993
5449
99997
99997
99996
-7571
10625
99992
99993
99993
99996
-63540
-16137
-51765
-1666
-23771
-74098
99992
99991
-82048
99994
99997
-54821
14580
-40832
8608
-4433
4072
99997
99991
99993
2332
99999
-36791
99995
99996
-90147
99999
-78787
99992
-51442
99999
99993
99994
-93273
99991
99994
99994
-74972
99997
-52430
-37331
-69988
7628
99994
99997
99997
-66293
99999
-52572
99993
99995
-58271
-31663
12616
99993
99992
-32424
-60422
-69594
99999
99999
-74054
99996
99992
99996
99998
-51867
-93941
-56003
99996
99997
-29696
99996
99993
-48732
-2965
99996
-63717
-50901
99994
8797
99994
-36135
-30942
99999
99995
99993
-54360
-34094
-31309
-28895
99991
99992
-36001
99991
99999
-85936
-39873
99996
-43596
-42615
-40022
99998
99993
99998
-69148
99998
-70561
99994
99991
99994
99992
99992
99995
-58066
99996
99992
99998
-11449
17078
-24444
-54327
99998
99995
-19555
99992
-92147
-2408
99993
-48319
-72563
99995
99996
-40773
99992
99995
-42205
-82213
-87418
99991
-11243
-37784
99994
99998
99992
99991
99992
-25688
-31431
-67134
99993
99995
-67924
99994
99997
-46291
-83123
99993
-44946
99992
99996
99998
99996
-68693
16394
-48221
99999
-96827
16468
99995
99999
-33464
16857
-57850
99996
12138
99999
99991
-14748
99993
-32318
99993
-79585
-78108
99999
9796
-52034
-94314
-7811
99995
99995
99996
-17962
-65357
99992
-63947
-66564
99998
-21005
99997
-81624
99995
99995
-96142
99992
99996
99999
99992
99996
99992
-39005
99996
99999
-72887
99996
99995
99996
-13725
99997
-86835
99996
-73899
-13639
99991
99995
99996
99996
99998
99998
99998
99993
4138
99996
99995
99998
99993
-67111
13915
-75109
-39855
-41028
-19710
99994
-70203
-60750
-8300
99991
99998
-2814
99995
99998
99999
-21181
-91441
-56661
-10632
99994
99998
99994
-56023
-85872
99993
-44974
99991
-65559
99995
-74499
-91372
-80657
99995
-12984
99996
-28405
-82510
-27434
9285
99993
-25302
-76938
99997
99993
-54560
15477
99998
99993
99998
-68137
99994
99999
99994
-17791
99995
-38105
99999
99995
-8198
11999
-40960
99993
-43373
99999
-10108
-90873
11066
99992
-62307
-17340
99995
-84393
99996
-79139
99992
-25747
99991
99994
99991
-89096
99999
6649
99998
-16067
-98839
99994
99995
99994
99996
99999
12820
-88616
-75883
99994
99993
99994
99995
6396
-38296
-12624
-60192
99998
99994
99997
99995
99998
99993
99994
17586
99995
99998
-3841
-79335
99996
99995
-90971
99992
-39727
-34732
-31454
99992
99997
99992
99991
4438
99996
-87017
99996
-13196
-26086
-17274
99998
-20328
99995
99998
-95824
99996
99993
99992
99998
-43956
99991
99991
-79509
-97893
-93210
10942
-66263
99997
-52278
-37032
-74061
-76063
-88197
99993
99992
-50572
-80651
12704
99999
-99451
-94097
99995
8170
99997
99998
-80798
-44926
99999
99992
-77809
99999
99995
99996
-49833
-14937
-9426
7438
2804
99991
99991
-85114
12921
99992
13864
99996
99992
-99037
99998
99991
-90696
-42470
-41965
99999
1509
99997
-62876
-66329
99998
99994
-2989
-32017
99992
99993
-26188
10278
99994
99997
99993
99996
99997
99995
2228
-35772
-88469
-60454
99992
-96562
6600
99999
-6893
99994
-51009
99994
-21885
99992
99997
-94908
-48680
99998
99996
99996
11977
99997
-31031
-16293
99995
-18181
-12518
-27138
99994
-48760
-66113
-75753
99992
-55544
-43732
99999
99992
99995
99993
99999
99997
-22114
99995
99999
17039
99996
99999
99996
-22196
-54260
99999
99995
99999
99995
-40668
-3175
-9709
-5093
-17366
-851
99999
-84696
-33571
99996
99991
-64727
99998
-90070
99996
-54261
99993
-36025
-9763
13940
99993
11630
99992
-14308
99993
-932
99993
-78959
-62843
99995
-45375
99997
-10426
-74378
99994
99996
-5638
99991
99993
99995
-2804
-72519
99995
99995
99995
99996
-61187
-41236
99994
-60790
-33790
99998
-1116
-60065
-23992
99994
-65940
99999
99998
-96671
-41366
1194
99993
-66767
13518
-49535
99991
-70427
99993
-28459
-60529
99995
99991
-48709
99991
-98345
-91987
16812
12946
99991
99998
-66378
-84705
99998
99993
99998
-4450
-8558
-22401
99994
17761
-31359
-26508
6733
99997
99993
99993
-23517
-52709
99997
99992
-67119
99993
-78361
-6695
99992
99998
-80231
99994
99996
-76030
-19395
-31128
99991
99992
-65790
16691
99995
99995
-15758
-22774
-2759
99993
-68721
99993
99992
99997
99997
-69101
-73271
-56684
-12384
-56236
99996
9866
-10499
99994
-57155
16357
99994
-44987
-65298
5535
99997
-91247
99999
99995
99999
99999
99994
-65069
99996
99992
99994
-806
-62112
99997
99996
99992
99997
99993
99991
-10780
-92334
99998
-83558
99993
-99391
2019
99998
-66368
12978
99994
-84299
-27815
99996
-72120
143
-73165
99992
99997
99998
99999
99992
99997
99994
99995
15539
99996
-37819
99993
99996
99997
-67924
99998
-52371
-9226
99997
99998
99992
99993
16896
6498
-80117
-33360
7980
-98621
99992
99993
-63867
99992
-39105
99997
-48619
99992
-20038
-70225
-49726
99996
-54395
-15780
-100
99993
99997
99999
-38957
-41419
-14252
99996
-53487
-69841
-35974
-78156
99996
-10367
-36878
99997
99995
99998
99997
99999
-21108
-54129
99992
-49581
-39719
99995
99991
99997
-43217
16760
-39827
-35837
-39713
-5437
-8789
-68212
-60804
99997
719
99999
-6707
99993
-26754
99999
99991
99997
16523
99994
-37703
99999
-4091
14220
-79485
99994
-63288
-74202
99992
-90065
99998
99996
99998
-36478
99998
7438
99998
10899
99992
-10486
-90904
-7110
99997
99995
-25155
-83275
99995
-54774
-97485
11812
590
99998
99998
-7993
99995
-49677
9595
99998
99994
-67579
99993
-90007
-20120
99991
99999
-59377
99997
99992
99996
99993
99997
99993
99991
5105
-94548
565
99993
99991
99997
99997
-2766
-57345
-95283
99999
-31711
-90311
-50572
-22762
99991
-59755
99995
99997
-28647
310
99995
-34631
99991
-84330
-74416
-49430
2582
-84186
99993
99999
3797
99997
99998
99996
99999
99991
-67905
99994
-3413
99991
13994
-28825
-13142
99992
-17110
-29712
99995
-13689
99997
99999
99999
-66475
99991
99996
-1346
-83352
99995
-96584
99993
-58809
99992
99996
99997
-90736
99996
-61525
-84378
99995
99991
99999
-87569
99998
-93798
-14322
99997
-37465
99992
-70715
99996
99993
99999
99997
99995
99993
99992
-29487
99993
-60303
-9019
99998
99994
-70178
99999
99999
99993
99991
-78323
99996
99996
99994
99996
99995
99992
-66238
99997
4841
99992
99993
-26856
-70277
-93826
99998
99994
99991
99996
-61807
10315
-98224
-95377
99995
-71501
99995
99994
5213
2991
99991
99999
99995
-16649
99997
99993
99992
99997
-77653
99997
99991
99997
99994
99991
-66191
-84376
-64476
-70671
-98178
99992
4722
99996
99999
9336
15333
-7849
-40256
-48566
-97795
66
99995
-41711
99998
5438
99997
-72499
-24238
-25884
99993
99999
99991
99991
99991
-89578
99995
-72233
-14459
99992
99994
-73583
-37147
-67386
-89
99996
99991
99995
-15589
99997
99992
99999
-35076
99998
99997
-73644
99997
-37154
-2053
-59053
99998
99997
99995
-84534
99994
99997
99996
-75100
99997
99996
-60071
99991
12124
-68636
-81104
99991
99991
-12464
-97349
-13902
-34228
481
99995
-29400
-25770
99996
-41223
99992
-43097
99998
-88598
9469
99997
-26079
99995
99991
-61612
-96919
99996
99991
99994
99991
6291
-77626
-38788
99991
99995
-13025
99992
99999
99996
99998
-907
99997
99993
99994
-23023
-29245
99991
-70366
99995
99999
99995
99992
99999
99999
99994
99998
-47719
99998
-32997
-79677
-14688
99993
99996
99993
-12556
99991
-80384
99994
-84600
-35658
99992
99999
99991
99996
-80730
-97952
99998
99996
2430
-5122
-35452
-2928
-78462
-33480
-73267
99998
99993
-84649
-31541
99998
-45285
2419
99994
-70848
-16830
-51478
99993
17736
-70434
99995
99991
-35636
99992
99995
-4206
99996
14882
99998
-58238
-46123
-20260
6336
-75281
3237
99994
99996
99999
99992
17479
99998
99992
99994
-16126
-2980
-90628
99991
-93871
-33656
99992
5862
-65774
-14071
99992
-60394
99996
99993
99999
99995
-1240
99997
99998
99993
-79433
-65964
-16776
9123
-65921
-72392
99998
-60035
99998
99991
-12877
-96033
99995
-7072
-88278
-13520
99995
99998
99995
99998
99991
99993
-55890
99992
-72832
99996
-4113
99991
99998
-8539
99996
12911
99993
-53863
-20101
-33538
99999
-40427
-50445
-75475
99993
-43432
99998
-24658
99996
99995
99992
4755
-64787
99998
99996
-14619
-37963
-41804
-26899
-82303
-44561
99997
-35803
-28365
-48048
99991
-91632
99996
99997
-61223
99995
99992
7494
-3704
99996
-54687
99998
99992
-33399
99993
-361
99991
99996
-43955
99998
-29207
-48377
99995
99998
99992
99999
-64880
99996
99997
99999
7133
-62430
-93057
-67275
-79116
99996
-40763
-21513
99993
99998
-97742
99994
17054
-88153
-94274
207
-84080
16759
-53623
-82772
99997
-78337
99999
99992
10058
99998
99992
-73065
99994
99996
99994
99991
99996
-60717
-55296
99999
99995
99996
-45446
-15723
99996
99993
99999
-3490
-37491
-54288
99997
-79077
-30701
99994
-16122
-11021
12637
99996
-2184
8851
99993
99991
99993
-63043
99995
-66570
-43902
-23044
99995
99993
99996
99995
99997
-21822
99996
99994
99993
99994
-94715
99993
99994
-75786
-40113
-20977
99997
99991
-45712
99996
-4955
99995
12496
99994
-63689
99999
4563
-26837
99996
99998
99998
99999
99995
99998
-35806
-75966
-85809
99992
-83254
10039
-84313
99995
99992
99999
99997
-20332
-12267
99999
99998
99999
-17175
99994
-37357
7246
99994
-20888
99998
99992
-49064
99992
-4096
99992
13271
99995
99997
99998
99995
99998
99997
-80148
99998
-82628
401
-69430
-55452
99996
99999
-53257
-62235
99997
99994
99997
17174
-88072
99992
99991
99991
-67246
-87727
99996
99993
-89764
99992
16343
99999
99995
-60364
-93829
99999
-96522
-31986
1234
-40809
99996
7040
-9958
99997
-34632
4253
99996
99995
99993
99991
99998
99995
8915
9401
99997
-41757
99996
99998
9414
-30113
99999
99998
-28083
99999
99993
99996
99992
99993
-17961
-52418
17672
-15237
-25839
99991
-62709
-49936
-56756
5421
15091
11946
-37710
1357
99998
-74406
99991
-71139
99997
99991
-15539
-662
9179
-15625
-19286
99998
99992
-65950
-63179
-18867
99996
99992
-2458
99995
99993
99996
99992
99997
-2700
-1450
-80241
-70720
99995
99998
99992
99992
-57596
99995
-51652
-25844
99998
-39933
99996
99997
99994
7838
99992
-69608
99998
3991
-62210
-37097
-73510
99993
-4431
-18168
-35986
99998
-47175
-10111
-77758
-65419
-56020
-51175
-56532
99996
99991
99994
-44699
99999
1153
3257
99999
-60375
99995
-25543
99997
-75428
-99409
-63210
99991
99999
-70535
99999
99993
99998
-71316
-35219
-1477
-80590
99991
-18700
99999
99997
5642
99991
-95043
99992
99993
-69879
99991
99993
-93745
99992
99994
99991
-44562
-39344
-20481
99997
-94656
99993
99998
99992
-91279
-39555
-49053
-40882
-79028
10488
99994
-19321
-64272
-8612
99998
99997
99999
99996
-59566
99995
99998
99996
11089
-33230
-14549
5792
-91996
-17290
99993
-8528
-47301
-99983
-59527
-52170
99999
7011
-81588
-18361
-96354
99994
-49055
-94444
-50291
99995
99993
-30599
99992
99994
-57693
-66413
-6787
-96513
99998
99992
99997
-64397
99994
-8250
99997
99996
99993
99998
-98410
-76571
99994
99998
99995
99993
99992
-64092
99998
99999
99995
99994
2544
99995
99992
99998
99991
-15672
-70172
99992
99996
99995
99993
99997
99995
-89718
-53867
-72973
3111
-37983
99998
-42923
-31069
99995
99993
99992
-53889
99993
99996
99992
99999
99993
-10213
-21778
12021
-73034
-13602
99997
-19620
-21830
99991
7350
-5033
-64347
-52805
99998
99993
5030
99997
99998
99998
99994
-67371
-54938
16967
-1304
15452
-31841
-41972
14973
-33141
-20140
-38286
99991
-71661
-91612
99993
-88706
99998
-48665
-38317
-26424
99992
99993
99998
-17397
99996
-22980
-88937
-25798
17424
99994
99998
99999
-1573
99999
-98384
-84252
12461
-37793
99994
99994
-75523
99994
-62907
99997
99994
-56069
99994
15127
-42339
-31746
99993
-22646
99998
-49185
99999
99997
99997
99991
-52865
99993
14707
99993
99994
-84618
-43618
3691
99991
99999
-99434
-58376
99999
-24379
-21602
-20070
99997
99993
-46011
-57803
-21453
99998
99996
-69216
99991
99993
16663
99992
99993
99998
99999
-47756
99999
-14780
99997
15268
-69824
99994
99991
99997
99991
-29857
-32307
16861
99995
99992
-71879
99997
99993
99991
99994
99995
9865
-81367
99997
99992
-49787
-93450
99998
-28736
-11186
13610
-25547
-72729
-22594
-467
99997
15265
99997
99994
-72174
-86785
-76607
-81446
99995
11587
99999
99992
99994
-60451
99998
99994
6771
-2174
99994
99996
99997
-39631
-8320
99996
99995
-71520
99994
14477
-93115
99996
99998
99995
-64543
-45908
-47252
99993
99992
99994
5554
-2099
-97772
-20172
-97873
-99144
99993
-32219
99996
99999
99994
99994
99993
-37342
99995
-37395
99997
-30902
99991
7651
99994
99995
99995
99999
99993
99995
99997
-97097
99994
99994
99996
10999
99997
99998
-35673
99992
99998
-52372
99999
99995
-54250
-53871
99995
-79288
99999
99998
-31726
-63306
99994
99996
99993
-1685
99996
9281
99998
-16241
99993
-75650
99997
-10660
99997
-57459
-50981
99997
933
9495
-97829
99996
-55638
-66440
-57930
-59350
-44678
99993
-16853
99997
13719
-76791
99998
-99952
99993
99996
99996
16100
99992
-40379
99995
99994
99999
-42279
99992
-15450
99996
5494
-22555
99992
99994
-8839
99993
99998
99998
99995
-31244
-46793
99996
-81367
-67758
99999
15730
99994
99991
-64709
-38486
99993
-52307
99998
-46157
-20915
99994
-97
-57157
-88798
99999
99997
99991
99999
99998
99999
99998
-19152
-60460
99999
-55773
-25869
99999
99997
99993
-7138
-34146
-70325
-56971
99992
-15384
-97010
99993
99993
99997
-59899
99993
99999
99993
3779
99995
99997
99994
99992
3311
99994
99998
-29879
8899
-41833
99996
16732
-74581
99999
99997
99996
-48507
-18649
99992
15194
99993
-47356
-50689
-20435
99999
99998
99992
99993
-49985
99991
99998
-20629
99994
99992
99994
-57681
99991
-49795
99991
-68967
99992
99995
-54346
99997
-67142
11893
-280
-52589
99995
99996
99997
-9418
99994
-27848
-65327
99991
-88275
99997
-44810
99999
-99071
-600
-76302
2183
-68002
99995
99993
99997
-1101
99991
-2691
99992
99994
-22857
-95304
-43111
-69631
99994
99992
99996
99992
-73977
-76051
-39464
-10813
-66160
99992
99995
99993
-83884
99995
99991
-57625
99996
99992
99997
-17872
99996
99998
-31634
99992
99992
99992
99999
99996
-21198
99992
-53649
15779
99999
99999
-11417
99996
-96075
-85690
-90002
-95674
-88518
99993
-65170
-58314
8030
99993
99996
99999
99994
-27233
99999
99992
99999
-33163
13573
99998
99993
99992
-94466
-68226
-74266
99991
99996
14733
4295
99992
-77199
-64386
-75143
14019
99997
14363
99991
5345
3211
-46481
-82714
99996
99996
99993
-91282
99996
-75580
99993
99991
322
99994
-45772
99991
-94027
99994
-63904
-8447
99997
99992
-54403
99993
-8083
2182
99994
99993
99991
99994
99996
5619
99996
99999
-93836
99995
6685
-4284
-2685
99992
-45061
-10622
99991
99996
99994
-74412
-36902
-44171
99994
99994
99998
99996
-56505
99993
-83279
-27537
-53127
99992
99996
8729
-42686
7557
99999
99994
99999
-92186
-40567
-52503
99993
99997
-95325
99999
99995
-63571
99992
-32785
-10815
99993
-87134
-94962
99997
99995
6622
99999
99999
-75745
-71276
99995
99997
-9745
99994
-21554
99994
99999
99999
99994
8249
99996
10223
99999
-7495
-69782
99997
99992
99992
-78423
7043
99999
-74327
99994
99997
99994
99996
-69695
-16620
99994
-72362
99998
99992
99998
99999
99997
16848
-54500
99997
99993
99995
99996
-21687
99993
99993
-8481
-22532
99996
-47065
3515
99993
99993
-37790
-75987
14460
99992
99996
99999
99994
99994
99991
99996
99992
99994
99991
-38613
