34288
57407
25230
12894
93587
32293
54795
39986
12368
8149
7135
60857
67866
80045
52041
82247
45628
41180
83072
61196
69624
36215
20419
77446
34247
48078
99506
4007
98630
62405
10018
53584
16350
70859
17493
65913
37564
76929
96693
80606
20080
70885
72589
23138
93777
17421
75618
4573
55782
1230
51579
26149
46104
70797
92957
91150
34477
45122
25980
20439
47368
35826
10433
79606
74495
117
25911
61851
90347
30360
92724
21900
84748
39004
69641
2583
93714
47106
43278
36800
47435
37693
4759
65004
29345
27031
73482
28970
63506
71450
76854
55086
42622
76252
18408
56682
59255
51178
98233
30914
81083
66844
63024
32727
59191
21402
20846
8549
96525
13445
72206
90507
50009
75606
74576
27658
57100
24981
85646
59704
16502
66294
26465
6544
36898
1546
18551
25150
5422
82968
67374
90425
49044
12014
90181
67728
96571
14270
87812
51211
73259
30131
67602
90197
10145
45966
19986
12762
61991
50620
11610
89699
12827
31466
87424
79658
90557
28048
35628
20183
57136
3883
12726
92261
45568
99721
8299
62102
40999
437
45384
36477
80340
28222
23361
98443
91436
86145
48895
70221
58530
66547
56982
22448
39769
69918
70947
89689
75933
84824
63110
57361
43228
87209
61406
11225
95070
14156
56355
67495
17922
25434
64294
92779
48495
34827
11496
21959
89518
12115
77792
84051
407
68624
9773
35338
52610
88771
83692
99255
68337
29175
11433
84579
43697
59316
91914
71838
53265
40618
8285
62032
34669
28970
32543
82170
28404
60157
85004
13476
56304
79121
20843
38998
57855
90582
15758
61732
38681
9243
40083
72410
10451
94250
91599
70585
679
77349
18437
10895
8494
10985
42694
9677
45551
20160
59212
23297
40655
50247
48015
68944
54662
34899
46866
98781
22802
71745
36170
97557
62577
71052
45319
13713
4133
10787
27509
69381
29490
70192
48604
20649
91375
83355
48477
98854
88815
50518
68143
44343
15903
95339
95751
60216
34927
78410
18179
46436
73922
37843
45657
63585
20024
96188
18772
61635
21144
89765
75070
53150
42343
45869
48185
13209
654
38606
53856
58905
38990
23352
25359
83408
66302
12814
87921
42219
25870
33557
12647
29001
49940
60166
48830
10861
31203
45107
55953
28217
96288
95966
15963
45245
59264
62571
89833
87167
64515
62133
54105
28116
54926
24927
64318
11853
46011
84969
28597
80028
52483
1745
16584
82970
14621
54184
31589
84407
80752
21492
17118
72559
92724
96094
66438
10306
48940
1819
55347
20027
34723
32576
91314
1334
97831
43470
85964
76338
47902
45036
41359
26126
38276
76916
31881
52373
64442
20926
34889
10589
45339
45590
67683
40707
34180
47782
94858
29102
73873
74734
37474
35980
51672
99017
10907
58480
63747
75732
50968
62393
27883
28293
88820
27231
10502
94069
53219
27928
92135
9247
98048
1890
19349
56447
20784
89713
91951
50254
48988
51212
76101
85589
62756
22148
96464
95977
84354
18509
92139
98835
24645
58022
25953
44175
17150
25205
94238
85631
50082
48002
98407
53442
48474
81649
62483
12204
85981
52010
65814
58094
905
92675
20474
12828
72752
43441
83710
95143
48074
47157
87523
21427
85098
63457
61312
14542
55848
60279
68475
45873
81510
94958
8020
6345
78887
92035
39663
70858
26079
66400
4152
40172
11307
94199
1946
39892
8802
67515
79032
1930
84544
4434
1889
24593
81594
98548
1038
58081
80580
31787
75925
31294
89122
48037
18082
61575
83943
55077
72434
32136
45177
37401
2229
13276
64005
23514
36410
42345
13559
594
39137
45399
86241
85611
14831
58292
87667
13628
48811
3906
68021
32846
83848
63778
14641
2571
19308
48048
50013
88014
93370
44301
89910
57430
84084
76170
23376
22997
61937
6054
96664
99029
13378
57878
67336
99193
53815
64367
76135
6651
7412
4047
49908
84162
62724
73633
41434
65546
40401
25029
76025
42041
62552
11288
26679
82014
23277
11775
85284
57274
39358
77666
12050
39337
12779
59056
37552
70353
21897
9924
48111
71525
70369
58023
4612
11428
11186
72700
26900
85978
40534
93302
86449
41006
78010
47197
6901
18955
17060
86179
13638
33099
82894
64394
82724
73150
41845
72903
65452
76821
86921
67407
96422
61340
8616
72701
1881
12255
85797
32768
79213
38832
68129
96546
52694
61021
91829
81514
35719
21625
28418
42060
70666
22938
3615
97829
15724
80383
75176
78155
79929
93534
42627
14994
49332
24062
38923
41331
70659
87018
95482
81605
95438
13516
13936
686
12086
59405
24368
44566
23869
79925
34541
25437
39420
53445
77312
69787
4602
8448
43110
55993
98592
95964
4512
51032
60248
69457
68467
85662
1807
76295
34830
95316
17587
22708
23101
8276
96349
990
53035
24693
90925
11804
57015
85757
40349
97912
59429
64923
36462
19436
84609
12681
41254
76683
81089
53356
56804
10690
25848
6233
34967
33434
26583
88861
2360
89025
18581
36301
38867
52692
17438
81490
79783
54337
13046
89537
22286
84371
6575
9053
55173
77613
28180
47437
18380
40482
62421
25775
12827
78682
53793
61491
60964
5519
61595
4285
89816
71758
2407
59157
46755
45686
14403
93083
30887
27272
43097
46656
53590
50054
12964
72469
66795
11533
74044
35694
7134
52112
73534
28220
91203
15608
60590
49564
34742
65219
30541
74547
67930
34986
81112
58845
56815
71636
25618
60216
91905
62792
92558
34464
96340
71305
99601
37588
75691
88345
63963
14657
73550
8066
53009
62849
31863
96939
73826
14042
34173
66494
43333
15817
60809
87414
82409
54985
89111
57661
11756
64597
10105
83086
57641
38144
47689
8243
79167
47990
3841
6837
56130
92316
32094
76068
42426
63850
16409
97849
46025
20896
63591
44360
64923
46793
99226
33613
48769
10781
97679
98766
13465
78032
34237
51189
59505
19575
23121
25657
13172
97551
13168
6103
4674
52779
14088
67493
7454
83378
29208
3791
86652
18455
45287
10855
53286
28571
58426
83108
83586
1313
99659
51378
85553
83651
55337
33112
67309
56494
60832
83019
11413
338
68161
38182
88619
62047
39476
68029
16156
28607
17118
84994
16624
47495
34372
95939
70836
86864
89152
76827
42927
61332
61574
45899
44142
4175
73429
9422
22205
17091
38160
91987
23031
97984
38804
42678
4953
38781
73416
7976
79446
49142
67949
33310
79950
85705
22698
96024
33987
99660
81195
10280
45538
4701
65257
39605
75411
83444
61796
77826
58151
35070
33507
32589
65454
18382
51963
38794
30349
48381
29830
41195
337
1848
40590
72111
48012
88366
63280
56831
19642
4910
60807
4131
58583
13499
57139
3818
56275
64962
3176
36195
35680
23326
4623
81066
82518
31130
61065
69383
67878
48594
95139
70734
17703
86006
92791
76920
20516
43955
73680
28424
62026
98198
68438
58446
70902
64715
64966
72702
99900
76
90169
88167
86920
37590
63394
47825
63740
33945
87797
54962
95761
57282
88296
92723
95647
46534
61397
8538
60981
14793
61978
93519
66736
17636
34654
626
74338
69517
51104
86372
37748
21354
32124
75022
9798
95521
14082
63064
2097
55760
99643
78716
89085
93398
33391
51940
88813
70012
60741
39329
19188
10769
77600
83560
37314
7794
95142
37552
14245
65180
55472
37077
32196
64618
25454
88595
16084
53367
7481
89038
21222
20876
34116
15333
28658
63095
37902
7584
1332
59210
37731
99970
6
38116
89485
47867
31833
32790
1904
70883
45189
23729
58412
77364
59953
99656
65229
47540
17834
78623
72340
58610
8986
35444
31554
69749
84862
32558
19428
24783
85362
2359
11421
2701
26803
79721
68887
18847
99964
50948
39066
62742
27113
87952
32401
12259
38031
18635
1196
67531
92987
56690
21326
43942
48296
54302
26051
69488
51079
80349
94956
31859
60744
54590
10565
24065
37947
61835
70461
2943
85204
85109
11713
31065
42996
40471
37027
34220
24251
29959
65558
37292
89641
52509
190
77516
9762
24657
60940
44719
26682
27858
30252
53596
53675
42869
9664
53779
56806
8503
53284
16465
93939
62293
75468
88958
91588
74790
36712
26284
59130
67200
30146
56147
29016
93312
89473
23454
90281
91201
61984
55333
91135
27887
29717
93159
55656
29140
93956
21779
86185
50399
27487
920
16108
15152
37940
80046
78868
83576
68493
62715
80263
84927
32520
96419
48359
81905
63802
41783
8117
84487
11367
45655
64234
40683
81601
20311
87503
3166
34058
74086
22176
82088
82852
3332
1640
73620
41384
1213
16094
34154
94999
96550
13022
4579
48745
66810
63037
82593
14220
81153
2318
14079
3952
7472
63535
81559
84406
84610
24485
16079
35481
25433
40594
21532
50323
30399
43276
58642
16924
2746
66277
88023
65185
96191
96643
96343
47928
41392
41207
60569
75497
5196
49349
98146
98176
9579
63206
2922
2986
54080
47165
17851
61428
1384
96233
672
84330
45888
70135
87884
17821
16077
93172
21520
5631
90108
68621
5409
95499
77384
95257
22285
3335
2336
47561
8807
88273
51863
20276
57378
9266
22010
65717
15888
3528
56149
15225
71409
87177
83360
9504
93399
77170
97431
75760
24280
63307
24907
78258
96218
11691
40367
70914
13849
54004
30074
13589
69195
31479
46177
65482
25559
58147
45958
39083
47104
91255
55669
19004
75232
55971
54692
167
11613
18622
12945
36844
79484
29964
51601
9797
12506
28980
13173
62588
72569
5753
67772
45031
49288
63672
37827
25190
15429
23733
84760
76348
9139
10066
18428
80364
91555
70932
1447
2856
58198
24690
76356
58339
82026
74481
14822
39257
50382
16946
39118
275
86573
98698
22501
73263
59351
56561
1803
81853
45073
88218
34506
30816
9013
59768
11122
45717
86384
76602
17380
45484
82645
81470
3707
64586
75450
61826
40490
92264
60051
37280
50219
21839
71916
62816
2850
20879
64488
41682
51343
21827
94462
40484
2697
53699
70023
52151
6620
59050
62090
18472
4216
53489
3539
3024
63564
57803
83420
55925
89296
6964
33658
52044
13002
91775
67594
54939
40401
56818
77213
2413
86804
95216
29241
34371
88923
13313
63578
44928
55990
23735
88823
57822
81151
18794
48200
20676
21959
76975
19255
98544
39441
43095
10788
47408
59760
48158
4441
60911
84626
35267
46099
25442
3290
28645
79392
26206
87269
44458
24896
11052
25766
69406
27473
95651
76463
15903
54761
44208
29452
76441
53713
76173
16630
18623
6825
63390
32047
74
47087
6613
16778
68996
71605
66274
66775
47811
87044
40947
18337
69867
33827
76427
63569
55407
19574
74725
16871
9025
35777
35564
75971
13465
33983
24060
9086
82412
86889
25401
85123
11085
32848
31982
494
21226
32764
61070
15302
30296
28206
80535
47617
30290
20494
94157
60766
81155
77047
18275
17351
98568
27917
38079
30995
1152
43315
84314
45404
924
89368
2905
59069
29983
16430
10539
97256
51469
50790
13705
70279
30761
26752
76536
20291
41091
75025
59301
53372
51994
51374
98866
11430
73
94117
3010
42370
30482
54726
6556
31880
81537
42486
51088
13735
31471
39865
36120
13674
76283
81561
95172
93118
8635
40626
363
29758
82269
50530
84729
58213
66095
82805
77700
79339
55269
71537
506
27423
25206
28188
98214
43501
91249
55993
53800
80656
85011
95208
63115
91075
60986
70874
72587
36855
13644
44355
14984
41920
24495
40499
83493
51333
93131
15404
9712
73687
70770
90287
34415
2245
50694
36361
27523
28846
13012
69982
92888
65767
17404
60096
36907
19011
53489
19396
30066
47526
35447
1658
96247
71326
68198
28343
40608
75101
24539
76038
96333
17202
59056
71179
12958
63014
86687
41128
89266
77775
21607
62246
41221
68356
61834
85224
51925
89067
53788
76682
5160
94168
90842
52813
64758
19452
69668
75160
26444
31411
71803
30995
48509
1970
35916
65542
99309
59226
37224
21402
8064
22197
87292
17981
15623
19008
39567
47133
92023
99440
66130
47467
58439
14627
23902
96747
23926
12440
78242
17530
47154
90397
64572
97322
43100
60787
53389
62415
50157
82459
54591
98783
40477
13113
14459
64951
22769
42385
21331
26242
33874
44815
87324
64737
51542
3388
25328
66197
74580
39384
92578
63386
97965
76875
10559
15144
46482
5698
88741
59426
43955
33281
32153
18120
48186
89256
65329
65373
53737
37450
63770
51846
16789
7902
32923
22593
84900
59957
59193
21999
53237
47535
3036
15188
51932
49640
67807
9351
7257
74172
55633
66741
92732
61303
22303
9271
18284
10868
30764
68067
97075
7309
28037
46785
18816
85700
99654
43464
76974
26891
68019
64995
20664
84510
7440
52667
25688
48449
75486
86496
67686
93793
65711
78163
88235
22442
20454
51329
28044
22411
54481
92686
10986
95325
20715
8803
7330
44180
98918
85430
3625
90854
93137
57210
95519
39859
74994
10153
7697
16958
55820
77125
78764
90099
22121
10556
45100
58651
84645
97964
26152
41356
56868
59152
26374
35728
85424
82231
42762
21178
74890
51464
5361
54821
97583
24183
62326
14321
89246
77454
79030
42965
92004
88101
61936
84696
20105
11610
89395
11015
20976
95830
40565
33709
25143
82962
47481
64518
70298
45260
33200
473
72336
25832
68913
6625
83481
32367
19977
5912
34376
19880
29727
18062
56816
49918
96366
36617
98227
42235
19430
15874
75024
84205
54168
76460
53477
88037
83401
89597
69298
92451
32466
63461
35329
43705
35403
81498
22587
63475
14916
37656
88087
33896
1382
24827
13631
18212
50941
64826
4853
30276
89123
31413
3419
30930
26692
65589
56588
37564
27790
23232
53293
20375
72781
52648
60391
78052
89166
97530
63554
49993
64050
70770
38406
69250
18708
35543
26302
978
56200
32910
23467
96049
45635
90170
9769
89567
13241
55164
3623
85572
61683
17009
63713
63968
20916
7690
27459
45100
46690
52466
76659
11058
64436
35099
26949
80805
50725
12582
59648
550
59942
49476
3714
78918
63710
48420
61137
81209
89024
31678
94769
17290
91620
21733
61249
39867
50793
10350
88787
74491
24703
36934
63472
50256
95937
18303
90508
52401
84823
70101
30912
85165
57271
83464
27935
28212
34815
13974
89736
68588
27081
51825
69750
86222
35330
44048
99000
976
88852
89590
72421
99110
23807
36736
79417
77520
61016
4976
29973
87460
69156
14026
48105
90268
74925
31101
71916
14789
51534
8731
39103
14301
67458
44003
53183
41143
60832
75871
50889
13048
82335
14603
46282
30740
75605
9184
25852
5666
87698
2602
33408
61964
33558
24413
78539
78627
96995
55016
57395
17029
35202
15565
3278
78727
4612
44443
33694
35565
90687
50179
3285
49212
16334
54541
61078
8410
90603
3491
41673
95451
28560
79662
90784
72870
64125
38516
9507
92127
87632
32548
2922
94038
31809
92406
82080
1667
93303
18413
96598
49157
9442
2416
62170
45618
59998
897
2037
33726
72305
58547
6020
78921
95019
88700
26583
37643
63216
47772
60959
85274
26169
22425
83667
39483
96566
92616
80716
52484
3812
96570
12495
19082
75696
57727
54310
35037
92886
85880
67182
46170
16118
63832
1167
85093
2230
80589
31656
51289
11077
42524
88898
46633
25966
99055
62351
55510
89804
29828
29924
73115
385
22305
27981
88762
10423
83693
70905
31089
72468
63964
37690
60575
99921
12574
70899
17120
96066
80248
21
3370
35547
92590
42148
64698
44018
65888
76345
23702
69764
85513
36829
53058
32058
81860
58242
58050
79324
25956
37064
16678
57808
15839
7960
36538
61399
7921
58614
78356
29200
94279
13730
12195
83605
76360
52677
28897
3820
15534
75448
73609
78185
48350
16098
16473
20153
1601
36183
23593
77761
91490
64174
46100
46433
21074
75916
98100
52638
88148
24941
35790
11318
583
52037
36772
13764
82273
19211
97197
74114
66017
95465
89778
75139
24939
66220
87772
75038
18206
90046
57409
13231
24565
64344
48647
9789
96211
55944
22637
96044
54468
54805
58198
22685
14868
54046
36493
1432
49395
28793
33042
81934
50810
72039
19241
16491
60350
86435
97813
63983
54415
9260
62801
90566
40821
76512
88695
11943
7161
9812
97148
53094
27462
93057
3991
96497
2547
4670
14020
35242
12283
56012
26474
39723
89091
11779
44115
19850
36437
21382
19603
47308
46850
81679
79331
76679
31444
4931
64416
53236
95334
58109
43470
69533
17545
27819
4955
12924
68009
89853
24700
5004
36167
51632
69127
2492
97471
25359
75367
33194
42548
37847
7603
52775
34274
76503
84808
62634
34604
50060
18336
87719
86306
52208
28671
90947
87470
76782
41269
3323
60125
16362
4063
94781
72736
57391
94778
37524
20658
49290
28020
99142
53796
94617
17220
72731
79767
44671
16148
71429
23598
56513
62994
2592
10059
40377
486
48062
45054
76414
59381
85839
77453
23288
90292
34913
28789
12126
74226
33228
36602
72973
59675
81151
31066
97055
24813
98887
18973
68324
11984
77508
5675
29912
32101
7373
71640
20306
21026
86900
33274
60513
23051
84767
4857
43347
16288
36961
94907
62129
46243
66524
66953
21411
51157
55042
78244
93682
17746
20001
7020
69046
76033
42781
97827
76207
87370
36148
43904
65063
80126
93033
17354
67012
38383
48810
44050
18336
68910
78502
91161
9715
16626
14967
1311
13495
34070
40296
59435
26455
77851
16457
30207
14595
11951
44745
66281
20757
70861
86143
51202
21550
21211
57539
14177
39356
82067
23594
19933
35397
48440
77643
40513
32672
43325
95997
35143
21806
92905
16951
36158
11499
12622
77243
76377
9586
10332
73636
54866
21357
20999
61292
22983
15353
82522
60930
63624
14208
38896
16246
98816
60350
22118
10066
33627
56844
51891
33451
22116
74804
83564
71350
91473
963
6454
49931
38424
81977
76725
34300
91853
4380
36097
9976
90000
79727
45531
1272
40168
176
56891
50860
20410
93414
13262
69344
77776
50576
13323
31971
88067
86619
38865
64963
98358
10147
82263
50337
45321
5009
25239
92966
7578
16357
27473
56013
85864
51082
62102
62074
39044
26612
22054
47022
2692
55023
82295
26506
21875
39958
67517
82299
54252
85813
63728
61746
59715
255
57959
86704
48065
12832
94592
2886
28311
84318
72926
9116
61360
73817
8261
5358
89245
55263
64312
31322
29590
38789
67889
59842
29154
77692
36627
72854
14032
46945
48642
66130
67376
74599
91239
75409
64625
51660
61814
30230
69058
55919
5977
73148
69238
80312
9798
67047
55068
67200
81375
18665
49496
3198
88217
91890
21975
33403
25149
76315
81242
58429
57174
57905
60781
56046
46903
53024
29633
72046
23055
32115
31611
69622
66793
77597
69138
68212
76217
60030
72176
4490
93534
2573
7294
51304
1609
20531
10344
45989
71784
94734
56220
15973
26464
6040
30997
53744
29596
23579
32503
89810
40172
55112
37426
76632
22095
41795
49509
24394
69216
55848
69187
24412
51636
66562
33883
4448
36897
34167
84668
5563
35948
10933
1564
36171
84084
86995
1905
28051
52872
41566
65299
70028
2829
33510
428
38889
66970
23687
6426
63833
78895
14714
72245
79930
2786
4984
54376
57010
21400
12578
46715
86080
18434
48712
86451
57009
22302
91952
66747
32524
53729
50495
30969
24314
61500
69498
72199
49993
65845
51033
91782
10546
59612
21821
21038
46864
11346
59670
6558
24499
44640
45837
31215
76408
32444
90263
21681
47428
54388
38673
12302
18038
32654
37814
73792
56879
13996
77307
47530
41411
50238
52726
37688
89340
43675
70886
38284
29987
53829
62391
52414
3890
22816
51052
98616
65490
41291
21661
41257
22844
21093
270
97260
58430
70772
78703
64724
43750
90278
9213
86323
21854
10390
83654
84309
59300
59103
6057
12501
46695
7175
36260
59070
65932
38635
94309
69616
70849
84878
29028
74567
71508
97276
65219
28883
23114
21777
69809
1936
14024
54085
83840
72056
80183
14743
62645
57142
2034
15790
27433
72520
39588
92999
50905
97379
75225
28736
25158
13295
63655
96258
50650
64940
14156
79844
51693
26471
15414
9452
49353
74255
52154
72153
21900
55981
13999
1168
28974
58323
38816
3299
55443
70040
69731
54980
1804
21946
39280
83810
30000
7867
9114
74292
15440
23638
68961
7563
37709
390
14269
33912
29400
92922
29604
90189
39066
20303
40142
25634
86454
32368
46825
5081
45439
33943
88801
10029
286
66181
35220
74084
79747
84081
39034
90059
90284
72981
28751
37347
69331
70031
89263
91419
11411
36771
14173
88398
39741
90769
9305
37832
88468
7134
93590
8447
40715
74773
75069
72484
78486
43806
9195
55790
75866
19437
61015
10889
38682
69373
7479
46159
43636
38738
95582
95072
58460
45038
48985
18863
54718
40725
40995
78850
21800
19633
38718
64995
949
96667
59001
94223
55143
17074
57038
87555
13930
98447
83796
6018
94270
27505
6691
42843
36388
5923
66960
6287
64605
8159
23166
70024
91258
67454
13973
465
30327
50730
3070
69565
962
54665
69566
56999
36365
11065
23907
79236
4882
60398
95555
7959
95570
86048
99293
52634
53072
21971
6823
85208
61615
22589
3189
76754
25444
587
8022
89492
4593
34038
75810
5043
87946
33943
20337
4298
6270
75780
17825
12161
2826
41994
18149
91058
52005
80101
44938
82707
80834
60101
3413
11024
97450
89020
8104
96667
49943
1226
80200
35176
71867
6772
8192
46334
65589
40721
91655
75981
29528
93113
52565
37
71812
89369
95133
82338
1057
40258
91233
7743
96100
99467
48454
26290
70668
4157
50956
27164
60406
81363
24348
86574
41848
80078
70258
16746
81827
89068
34621
6662
19346
91173
98044
46837
17437
68298
17865
55011
68318
27428
26262
42585
88475
16652
76835
62535
47488
57832
54907
46400
49740
59056
8179
37471
92441
6320
93264
61339
39333
70366
47048
49152
85480
96518
83272
81973
71910
33732
34018
69340
31003
41378
60439
37641
44392
3465
29044
63750
8123
5793
71484
39342
46700
88817
65210
1292
77003
96665
21909
6876
86708
31391
9586
35217
61231
61106
95321
79296
31758
65508
6757
24330
29422
63052
55073
65462
23671
41006
41710
31240
31110
86910
69157
94627
82095
12870
78298
2424
3981
87250
81268
66586
97938
11210
6918
30997
99151
36972
69434
62180
94027
5033
25821
5046
75046
9385
81658
76256
83985
59131
44187
8467
10616
9114
31227
76435
10892
73485
11401
99387
54382
28690
14653
20944
57587
88572
20451
32245
5907
37919
93898
37450
70624
64864
46596
27075
60017
50537
6335
61453
3303
11
7568
93118
63573
40813
43814
13646
91997
8512
99927
33958
62294
95382
54002
69418
18209
91546
48800
2491
94397
15695
38692
88650
9215
42167
56253
10967
32380
89598
39573
17276
32191
84327
29111
79760
52792
98402
42474
29396
31997
73460
82192
36392
12467
59275
18895
31877
10895
77628
70927
78633
93979
84172
49716
1821
90841
28477
62927
20457
39616
92423
99430
35735
77131
29431
12401
96285
57
76781
42356
85833
14519
72787
80926
59364
45547
21293
92454
14987
16108
42768
19303
87305
41162
77543
21341
97802
99360
38810
90858
50829
75246
22028
78866
8573
62550
17194
21363
65409
98758
64704
1032
8652
78149
63360
20122
77542
26718
8261
72625
47603
62617
95470
62003
11757
75381
72157
24177
35719
56397
15795
84948
67552
64591
26724
18790
3252
49611
96106
52164
51973
80439
44434
67788
76400
37096
67192
11533
40548
15762
71655
4373
7203
25363
80058
54998
99783
89163
93273
83682
93581
80068
49894
80202
19664
84333
24804
44144
1739
12422
90638
84933
60127
36511
95350
85209
98005
95415
62739
71801
10278
28913
51078
46810
88213
27839
53641
62734
40119
9918
90600
50256
54816
42903
97936
55067
59363
57957
20809
91825
85999
95967
52777
7075
85115
58554
87276
74065
92373
31823
22002
82213
75857
34436
95586
63524
3537
83410
39529
16541
56953
67983
22445
82620
28646
59674
80787
20931
85828
78296
7719
12099
40564
89099
74596
67550
88943
7520
8591
4715
27010
66820
85930
97410
47899
2827
2267
88747
59335
26366
89791
45780
89400
68416
65357
97376
23671
71182
79464
543
39014
98897
40162
54868
84926
85974
71642
84892
81212
76863
40529
32873
57787
59244
31161
32799
16610
2980
75501
48920
20024
83776
76492
92998
65753
29556
17607
68717
81510
45689
85472
81665
98985
56473
92192
82531
44190
17674
63242
97828
15970
91869
45248
23055
20194
23545
29555
86873
67209
81546
22668
60119
57637
47353
81742
72437
42638
68150
22688
87799
92192
47164
68123
2709
86671
59279
92721
96234
7277
70160
79569
54934
24873
24048
537
8519
68313
22976
6237
99617
24475
79358
39548
64167
45113
60786
54661
87943
76395
68514
7070
88207
80343
8197
97315
28821
54339
20173
21943
79479
38399
34677
94480
81933
23032
22928
24607
96673
7105
95289
46526
91054
31528
74214
19711
89346
25303
67890
88656
14121
13589
17485
78325
79778
30874
28015
259
14127
43141
30718
27827
94489
95294
44217
46246
75775
36147
65594
59856
38490
22607
16536
70748
65876
93834
17622
92541
72925
86689
81912
34037
79433
1764
60488
7547
97128
91625
24890
49549
25090
88198
96287
24581
49309
37727
40692
91156
71208
25384
94110
84118
63400
68534
74397
48442
87665
70086
64794
61605
29812
39843
36943
59940
7825
88582
45883
73766
94651
20109
80314
84878
10307
74975
8327
59294
51751
60117
34992
7045
2409
58095
50808
7015
91188
82603
62213
65011
40317
48261
19313
4699
95946
12491
665
37416
25132
38437
62817
27597
33402
25123
64420
1625
12758
16036
83377
35210
85629
37550
3538
80241
75542
11966
37372
98148
4542
21392
69166
63909
28511
22997
94931
42319
54686
71837
8201
53803
40399
90692
30683
47385
59811
19096
6802
28745
66447
78388
60679
60468
90406
86644
10159
68807
81326
72540
68187
83136
67347
42977
48729
96458
49023
22625
9086
51774
53217
80590
43211
90820
43639
66501
83521
30337
95530
70068
26990
51927
22127
66092
53376
87776
57396
83138
62565
37151
70250
41911
96394
50287
55405
12759
5842
22785
86457
15972
79862
80887
22606
10014
74635
59250
46101
40833
78719
74449
88238
32912
8325
95488
92951
95262
12992
24528
71272
80212
59047
53729
52643
93548
47544
13168
30076
33357
87238
51473
36435
86818
21610
71468
29359
2150
1830
66089
68359
12772
33653
44939
39667
90263
60034
94094
94518
4155
56472
64446
80780
97929
29209
88212
76751
20154
64774
43728
96184
55176
12351
63103
80296
17619
4446
80096
173
75052
60400
12932
44566
47946
11616
95365
67897
5013
13814
53069
55824
39429
2503
28330
95595
3133
65653
26168
64802
17684
72193
6930
33230
20159
9346
30857
7993
75202
46064
14931
69111
24369
60076
70188
90035
94933
80518
65852
93085
19421
76876
39818
77172
63266
64519
93542
59887
1159
94429
99139
91595
97132
43014
17885
75697
548
30666
79304
94194
94706
35127
93835
93385
40580
92669
64827
26806
67140
67814
28814
89470
67203
16330
5483
70798
14381
24011
24263
72434
81300
53879
40419
21710
98142
76281
43528
33493
15744
19115
71654
93082
99672
58476
25048
1040
95799
81479
74172
45751
10175
67725
24984
87903
41706
15166
16473
45486
19610
59154
38859
56763
9458
21785
79283
78925
19028
29223
22532
60514
84665
6555
88673
7545
29112
34240
56602
20686
27803
7489
14991
67642
89974
85765
1718
3702
30547
8670
30946
14601
9854
32802
64219
49703
65521
67198
26002
17135
13810
60160
77341
40945
28976
96346
86329
94110
53426
17829
78220
98536
9487
41314
42244
67076
62487
58523
78616
86978
14291
8085
16401
94644
25098
15087
39921
42276
20508
2193
30248
52595
16148
97416
52146
94964
29743
14737
43693
64673
36564
68779
42536
97446
16080
12120
9220
1380
80471
79595
14951
37471
9185
24412
87346
38800
530
97060
79886
65198
36991
5852
37638
56786
30491
48843
57187
97363
9070
93642
92809
87819
50721
2493
98868
77712
3644
77044
70350
18054
26042
4283
73310
22374
80652
5415
9852
32351
28119
54025
19269
74023
55267
4976
70235
57093
61860
89167
4152
11524
17938
13370
25278
67648
17400
37714
57734
30091
82474
74970
43312
90873
20832
57587
20969
79459
19179
92837
20445
65796
83053
29333
5125
7826
67337
11594
3803
74770
93210
49406
19741
40545
29302
48134
51759
22498
21795
72028
27691
75409
26973
43355
77000
49567
20049
4514
43803
1568
91566
47665
42938
84065
66687
44212
69681
45569
29348
63037
37702
88488
95879
93875
22790
29523
11985
10676
96459
62483
44076
4830
77430
67859
38321
90560
80
66130
89264
52050
19527
18901
14770
44439
97058
11886
46079
92539
72870
29390
30362
27028
48767
50750
85458
55246
41366
23381
93575
50290
39758
29843
27526
47070
28125
35290
4733
50879
98759
21865
98062
43255
48475
94874
94545
84667
7964
62598
18855
31580
65233
27433
15421
55545
32668
30436
18063
42416
15925
41952
7644
84145
52395
90318
425
75986
315
76791
57
37573
83835
21768
6621
31402
15468
99866
9604
5955
48359
73314
5596
11727
80897
74174
25636
90086
18331
69641
25992
812
10926
63620
16551
72021
29052
30678
26390
39499
36961
64758
38962
47239
48374
32063
32237
51632
38779
10146
98631
5013
43218
60118
2428
29698
30130
3217
10401
48060
60155
3710
10169
91125
35063
35558
93566
27128
47370
30173
5450
16228
19113
37565
21812
21435
60044
25279
57134
74688
58607
35139
65133
13091
17164
87515
98939
57301
66055
81243
80372
9442
15463
74024
49713
74868
46644
60383
73768
51239
22077
93097
36608
58966
22532
33755
12450
46011
42548
83636
35794
71439
24231
65627
72439
93769
91598
6294
50139
87773
24383
71571
1596
79647
67458
27876
92885
529
35999
5389
89996
79696
51542
59016
14793
32436
91991
50449
9592
4277
37646
74404
5822
89507
42593
1995
65774
20648
58837
45709
76370
79645
77340
42848
70669
81028
24634
831
24009
11380
56820
45912
77916
35558
77080
52104
81280
95850
83875
50797
92068
35205
68730
91371
18919
1716
44103
43443
6708
60390
26740
67505
9059
53488
75438
90855
85591
79268
8179
12006
85832
94143
62679
17638
86218
667
54846
96582
42139
15491
28689
44918
87338
37091
45138
98219
16188
3469
94339
93595
84078
78066
91196
15601
16612
74189
91793
64095
28946
76184
17073
70291
6678
64478
17220
88603
20749
16388
57698
58353
94957
23183
79413
95073
27419
95568
13221
21189
97487
24908
25419
59558
76802
21662
77370
18128
17405
88453
34414
29485
33319
35129
83395
12808
33217
48294
6049
32508
73917
76137
46387
83610
61455
9912
18779
78190
16884
58937
17462
63195
32141
40717
88220
3359
85585
63406
44460
32161
67684
65542
20786
54808
28059
24089
56413
93317
67917
29835
56982
28028
8
48023
86327
40066
30262
73032
3384
78303
40547
82118
70829
9030
96079
68991
57120
78200
28958
41324
78962
32653
8116
12774
57550
51729
14878
98924
74521
45835
36343
22345
61900
86562
26843
9714
83976
55861
72927
65204
46574
13190
69875
27525
28154
56871
65459
74233
33473
87560
78236
38736
58112
81097
91503
47769
20237
53448
32309
83720
59698
86770
57455
97604
45550
81194
11213
76872
69066
68517
52458
75234
20062
73400
7112
11913
66129
55557
17488
55784
10375
49982
28865
13724
50912
3106
59748
42438
4064
18934
73194
69801
16339
59558
96385
14196
1586
16354
29307
33330
85605
67405
688
20651
52719
48714
81790
75229
15800
18128
14852
29350
85337
23318
13952
99976
49080
44059
73911
30792
54328
80857
3134
81674
39243
60318
82974
23073
2898
63257
89278
54376
88987
11841
27754
54283
70273
39541
90492
66650
55146
53045
79595
5192
99464
769
62176
93315
62903
79187
46605
34409
43262
53261
88943
96524
41389
20018
62972
95118
34109
2468
70630
88335
29040
62054
70556
87313
33422
44946
20637
81708
19663
13566
54251
90906
86548
91124
32155
92392
17691
25240
76264
17628
25460
8890
6341
64604
58064
90403
78628
97836
48859
52276
63127
67760
30857
91850
62218
89146
22750
62795
32895
87465
672
88728
1822
29092
68918
39958
68017
89674
15621
77875
36401
77438
38853
99940
78399
62473
36773
42548
53147
26647
83570
60312
61407
28280
49690
88327
68355
16755
67397
49655
55064
46460
52532
79301
97297
50266
38879
27208
15984
35471
62061
64096
97292
822
83978
51379
62881
61954
93172
24927
94756
25257
4894
17970
4411
6306
19593
14447
62711
19504
51110
20562
82645
44573
84400
31006
79431
82869
29629
78992
89464
84077
1946
89857
55846
99677
92146
60087
65360
89146
74126
45989
94814
7628
11421
8751
53412
76166
87459
20399
29635
5082
70985
42164
92657
19225
89804
27022
64487
23431
56229
67370
54365
37328
53528
24110
34110
83184
18814
55673
79718
84359
66281
83794
7532
69153
68093
3399
32514
35620
55305
65981
90185
77051
63358
54967
15701
5403
92208
84435
56616
49914
94680
28326
80415
25617
44790
39355
9498
52900
93457
92829
98371
347
38188
71093
24222
75650
69109
42181
59471
82457
3325
70373
94385
70326
28610
12996
50606
52002
62358
67007
41226
51927
56395
92122
63200
80468
79769
54442
88200
77371
71781
81129
86579
56768
23389
57602
67408
86680
19627
70492
80428
61609
73251
31870
82938
87703
74739
50031
42334
7738
86738
99368
81305
27010
73992
19777
88693
19938
24743
74916
39342
18982
22283
35789
55880
62803
55994
96375
24280
46401
15453
94583
11953
5840
47015
18059
31935
64073
29615
10558
27045
6280
31686
27569
39131
81464
1096
71046
12700
16407
16799
96203
94251
47079
79721
88275
82774
23578
65412
5814
15974
42133
37621
49518
56843
7118
46338
28008
19493
84884
25681
98845
82894
10338
34457
14510
31093
57614
98265
10313
37278
22946
91853
16371
7564
36642
17399
18351
26017
5775
25540
96137
85300
81971
88606
59696
98846
80890
5598
82913
55208
36149
47084
28477
21862
76090
51682
93325
8422
15148
20754
52185
83790
35613
79287
87450
25748
72857
52158
943
57283
79779
39260
10880
85213
78160
5056
82685
76460
34649
36472
7968
85314
86941
61582
84418
70707
47800
12664
85600
23686
81612
96596
2071
86326
10865
79647
17655
28261
2233
23024
41493
20971
93401
74795
73410
8471
94521
96737
56319
66439
40222
83999
62196
23545
69960
3372
80473
43431
24939
35504
88608
64720
45378
32356
77886
33547
99843
26848
78739
18797
83507
37534
70307
39192
3578
69651
73349
77172
57817
59853
64303
44874
72289
3476
59733
24696
81333
90468
32581
85059
52303
29637
78161
61048
7996
75600
28877
61155
63860
63467
40170
97993
26310
89755
76982
27708
49740
47948
99299
98344
26647
33366
31400
2138
92271
33967
90123
78736
92149
56855
51005
10473
4819
12298
24142
49133
51428
4057
32624
15438
84999
40823
22433
61390
67822
29087
53323
61742
12831
68898
74112
63898
68956
10209
49291
95361
87883
45149
95738
41473
58064
72384
74089
12028
42526
36882
77303
12796
28638
48680
36752
79375
19787
50154
28311
41210
8281
87640
86833
24667
47535
78226
39388
46789
13337
33418
72602
64656
49714
2375
94044
36570
48494
71213
36497
60853
11303
8244
16753
69969
21505
96951
41189
36426
18835
59110
50467
27856
92531
76064
64974
1052
42391
89289
9891
31142
15068
80438
16137
70840
69785
29497
30249
75358
79378
79201
41181
31725
75532
68018
92060
32824
23041
6137
49800
13441
72976
23631
41065
95616
22753
44071
31092
12152
64532
86771
19212
80380
9218
4411
59150
3490
89001
57753
92272
45986
99611
36708
70978
52171
6498
83103
3871
57084
44408
85156
82285
73184
78091
80889
96286
13333
60819
28623
92076
17257
33469
12345
59746
69355
49502
41643
22510
13461
33670
88421
94315
51706
78952
62330
9543
90069
60307
85991
96842
75694
1822
28691
35001
87466
90053
4532
97349
29163
74060
69186
36653
49235
90944
36083
70924
88988
67976
63052
39212
53074
71779
15227
73033
59544
28799
2235
38878
34684
10475
98691
91681
82996
59318
29632
44223
69749
24841
20482
1429
67751
13333
50910
9716
15354
16084
3861
84258
63695
69911
69152
2111
18905
47383
97815
26281
73062
4055
88597
75729
71627
58839
45948
92462
33325
40867
82510
8359
24166
83727
30146
1686
66049
84857
28923
66831
17523
69673
25149
98791
86988
83556
29393
67815
97901
61287
74559
63665
58752
35670
5907
70994
43071
89393
23246
74865
18554
5918
36957
29326
22617
98137
62557
34006
32123
1092
12099
82410
94172
48228
89796
39908
69973
67241
23362
53619
43554
70925
56297
76332
42152
64605
27139
39814
90528
55606
53242
96748
50712
74837
28677
39979
48815
90752
31236
4182
73942
70095
77262
79624
7591
70415
6617
24685
98576
990
83075
42283
46566
18142
77777
46507
30029
21864
87355
76639
36548
86526
59614
23144
58782
74539
30834
24919
99838
92983
52558
32874
98839
43434
99921
34113
9802
1479
15912
91922
12590
66560
72696
27968
90235
62543
21562
34978
89571
37649
36930
42511
98051
92051
33748
19805
99718
54492
73483
38347
65672
99236
77646
55914
36155
47697
67697
57580
21220
24058
91170
5568
98722
68894
27975
21475
25830
81089
1140
53015
82212
24585
90611
68448
79676
22288
88737
85548
35489
86663
74420
97438
67202
56910
8578
63118
93081
11352
93758
45243
8301
76251
57248
79674
3222
41633
11564
73378
5738
99434
78671
42955
29424
97087
9967
21921
93872
73455
91915
73639
2260
97692
2883
94840
14228
32859
39245
47243
47389
62265
47659
76031
15974
20135
72662
90948
44656
37323
35049
69758
66088
98480
86299
12403
36128
43419
58776
70730
28162
32519
38773
74125
96776
19373
19904
30152
11010
97179
78383
14813
49540
33436
29179
36251
55230
20852
48357
79094
2646
90064
15212
88814
33775
89476
32397
91866
33238
99865
7065
65446
76486
98956
78812
10834
42058
90216
94243
23698
58896
35387
72758
59749
69061
73753
82702
56126
83018
59443
47192
27673
85640
48990
4567
32992
54312
70027
99639
77630
74895
81198
36251
62932
49989
18839
94192
42748
5145
76
79024
62547
52506
45080
60495
6642
48850
17280
3222
97412
94454
2514
97549
88330
36564
46986
83153
9918
95215
77146
96849
83265
1572
60189
91337
43761
8948
62624
40645
60276
74302
23714
91176
94093
83262
76792
85384
80504
40203
58510
24120
92333
51541
67538
76366
23229
58038
17321
95291
5145
55508
30700
7955
24831
44589
76764
43995
49189
90677
29813
13360
44615
40744
17652
80472
41396
92545
14559
22941
7201
71381
63173
99258
79801
71705
91422
87267
12547
13998
11294
23594
62688
5020
83253
47519
66159
67364
38616
70677
98886
76320
91944
57299
37078
32215
98854
87681
82088
21726
53345
56631
64398
6593
89654
70720
41904
18406
40551
53720
14638
24403
37249
91283
19331
34939
12957
44593
20024
17786
26061
26238
26933
21204
77216
93949
6581
66592
34841
79524
41541
36778
33104
9364
25582
79954
51263
89979
48612
48403
34192
43983
30969
23745
34648
4464
2296
31286
31728
17335
88644
62067
24267
53789
87879
40037
98183
76811
68354
8339
753
94909
85621
97016
53139
46666
91712
63811
14178
96493
91359
75117
52633
64390
45562
65925