1698
-2097
-9542
-8545
-4614
3292
4705
-1114
-9577
5092
6195
2850
-113
7613
-6736
-935
-8680
6336
4299
-2792
-6518
-9314
-5987
6282
-43
4693
5752
-8676
5800
-3568
1996
795
-8973
-2722
208
-8430
-6467
884
5036
4800
-403
8936
-5447
-7305
-413
-4448
4692
7714
-1363
9892
2658
-4267
-5193
-4040
7276
9537
-5658
192
1761
9021
-4593
4815
-7647
8221
-9313
9075
-9577
-3690
6231
-1014
-3568
7471
5156
-5409
4884
2780
5455
-2458
-4713
7560
-7391
-3564
-7177
4020
2462
-7883
-6520
7607
1030
-6993
5273
-3401
4853
-6331
-3639
-5675
3636
5362
-859
9068
-4375
-3026
1251
5850
1002
-8662
5584
9237
-7439
376
-3377
-2574
-3784
5063
-4442
853
-9759
7131
-2725
-9220
3038
-3981
-2440
-2421
3615
-2617
-4572
1396
913
-2929
-7343
-130
-7657
-7565
-3409
7111
-5848
-6662
-3680
3528
-3411
2179
-5083
-817
5780
-1079
2675
-5837
1119
3435
-8075
3780
5910
3528
1566
4882
-843
-8259
-611
-3305
-7743
2851
-9064
5924
-214
8532
-4530
4914
-7702
3780
2162
4573
-5185
2200
5177
1498
9785
1656
1617
-6816
309
-622
4909
6823
-6619
2592
-7492
5753
-815
-4306
3529
9518
-1986
7131
6936
-6168
4320
1553
5149
7649
8923
-3335
-2218
3700
2155
5741
-2331
-5552
-7436
1872
2204
5632
-51
-1035
-3641
-4511
2681
-749
-1745
-3712
5869
2878
5184
9373
-9975
5426
9439
2576
-12
7592
1960
7765
3991
-3558
-4066
-2387
-9546
-9243
-4019
-3620
2477
-2541
-2272
-1772
5831
-6395
5234
1694
8597
4521
1413
-4176
-3805
-1463
-5117
6509
8735
7047
3066
-2827
-8850
-8676
3961
6271
-8791
6304
895
-498
2627
-2777
-3131
380
-655
7814
8215
7257
9501
8059
-5220
1458
7348
-9255
-9428
52
4861
3383
4930
-7908
-2251
2653
-4218
-9650
-4679
3165
-4107
-1943
4756
-8071
-3916
-8750
487
-5323
5837
6295
-1635
1847
-6792
-78
3705
-3722
-170
3795
7473
-6473
-9440
1941
5355
-4403
-1560
-7586
9242
-1122
4226
4008
4162
-1393
7193
6001
-6325
-1527
-8575
-1680
2486
-5770
4604
4809
-1553
5917
-8749
3772
-9704
-4469
1813
3012
5013
-589
6271
-8270
7581
-1067
1115
3679
4327
7172
-7116
-7200
-9923
965
1046
-445
363
-1163
-5466
-2782
5479
3856
-9426
1867
-932
6189
5795
-8960
907
-9275
-9381
-3988
-5075
7600
6029
-9488
243
-5447
-7834
5950
-5149
9260
-1147
-3475
4852
8159
-57
3852
4399
5761
4300
-1158
-7982
-9210
-6869
-4289
882
-7609
1941
2760
-5658
-1197
909
8309
-3272
9345
4659
-1865
-6533
493
8798
4022
3811
1743
1950
4807
-8111
8279
8240
4550
-7812
2500
-389
2930
8009
-8502
-6016
-6175
-257
656
4401
-346
-7214
-6779
6990
-8397
-1602
-6093
-8953
7410
-6372
-5528
-4231
8866
5411
-4805
6006
-3020
4509
5897
-2842
-1515
3591
-2069
3540
-718
-8331
7641
-3120
-2429
8115
-6119
-2289
-7222
-9691
1981
8258
-4980
4197
-7773
1059
-4901
2638
-1274
-6633
3724
-1370
-3311
8353
-8632
2682
-5194
-6740
-6713
-4902
-6092
1864
-939
8840
8272
-8483
5193
1790
-157
4323
-569
4333
9414
6142
4049
-9696
8395
5315
1795
-3671
-577
-4987
8095
-57
-5376
5712
-9364
-4127
8433
8064
42
3150
-6646
7790
5230
-9470
-697
-2407
-2216
-4509
6952
992
-7
1393
7305
7549
-8957
-4864
-1240
5828
-4680
8076
-4848
9584
308
-7817
2699
-9564
6901
-2564
8819
-9139
-4504
1598
9876
-5956
-5375
7409
-874
8196
3077
-3669
9068
6916
7692
9203
-1894
-3509
-391
-9504
9366
6909
951
-9405
-4345
-9650
-9786
-8405
4395
3369
95
-7624
-8147
7148
6317
3600
8685
8286
3422
3109
-8074
6985
6929
-3777
5129
-3691
4768
8119
-4895
-7516
1632
6346
-3278
-8365
-7025
160
3062
-798
-5394
-5446
7232
191
-8349
8570
-7708
-8921
-333
-3065
-8151
-711
-1859
7432
7700
4903
8496
-3703
-2589
-155
-2192
3762
-6580
-6619
5906
-1780
559
-2841
-7153
-5509
1567
-1659
-8569
-7008
8699
-9101
5686
-8528
3504
8434
6730
-7625
-548
4417
8113
5552
-5310
-9188
-4349
3652
7377
452
556
9948
5820
-7474
278
6175
-3364
9307
-7483
1700
5168
-184
-8313
2259
9149
1429
-6767
11
133
-427
4760
-5519
-8375
4140
1417
8934
-3967
-4242
5482
1427
9033
-4465
-5270
3590
9205
-3151
996
7093
3201
4059
6209
9209
967
2908
-7680
2436
-3034
-9551
-2693
8669
1008
-7816
-41
2994
4578
-3368
9533
-4699
-971
214
-9891
-7894
4399
4082
-7504
-7580
-577
-3573
-7498
-4931
477
6047
-870
-5078
-1316
7077
1269
-9157
-7315
262
7596
-3646
4592
5007
3673
-3788
9224
5575
-1929
-7127
529
791
6346
-3245
-667
-4971
4993
-3794
-4774
-9535
-2499
-1666
-5229
-7478
-9730
8866
-6197
-7302
-6634
4991
-3793
8042
3585
-8940
-6700
-325
-986
-7069
-206
7167
8959
-2504
-1693
5134
-5325
-8868
3972
3324
-780
-8901
-3352
3491
-6706
-7247
7382
-9238
2118
3329
4945
-3580
1116
-7569
-6062
7903
1089
-8940
-9234
-4034
-3447
2416
4482
-7908
9701
-9578
-4933
-67
3570
7009
-1332
77
4661
-9325
-9299
-5247
-2865
3208
-1724
-7859
7279
-9085
1880
4595
-8256
-2747
7490
-7071
-4358
8482
-63
-7900
-8313
6906
-1156
-2132
-4176
3972
-9054
-5046
-5169
2594
-1196
7694
5416
-2857
-8873
839
-6255
-3828
-3302
-3009
2818
-8296
-180
-6874
2556
-6344
-8546
779
8746
-391
8986
-3371
-4454
5791
5056
-5561
4638
-4108
219
-9156
350
-1463
-9817
-1815
272
-7302
-6914
-6242
7562
-3041
-5052
1826
-102
-8229
6828
5749
-2634
-5208
-2132
2668
9501
4389
5784
-5719
-7465
1032
-4061
-2783
5688
3680
8055
2831
-9540
-9479
-8443
3594
2191
2077
-678
88
8381
9960
-7942
-2345
-2436
3650
2636
5444
181
7380
-2732
-895
-4124
7622
3921
4216
-8327
3882
-9319
9203
3109
-8658
3330
6989
9193
-6841
8587
655
-6670
-6587
7247
-2550
7505
3806
9769
-9539
-2081
-4547
-3725
427
-3832
-3115
-9038
-6085
-4657
1605
-1100
2848
5266
2075
-1273
-8991
-6313
8442
3897
-4653
-6952
-7
6656
-5339
-2552
2247
9581
-1947
-1732
-2016
-7450
3932
8294
3057
3147
-7027
-7789
-1836
7353
-3267
-1275
-4441
6910
-3316
-3668
5766
-7176
-4698
9343
-5944
-9275
-6514
6756
7618
6048
-2137
2854
8440
-6681
5758
7672
-6292
-7246
-115
-704
-7358
-3475
7580
1954
6148
-2434
9418
1288
-9525
2767
-4991
-1046
2414
3662
-349
-6648
7642
3286
2628
7981
1782
-8201
-7729
-1624
9227
5783
9180
8333
-6147
-2633
-4939
-8755
4674
5942
4691
9543
4184
6595
-6060
4743
-2964
4372
-5807
-9158
-6834
-4906
-3142
6688
-4877
696
9514
-4340
708
6164
-3424
-4866
3198
5720
-7714
1261
9862
5323
-9740
-4944
7759
-6420
8073
-6948
5294
-5839
-7533
-7289
8244
-225
8098
-7103
7010
9929
4371
-1989
-5503
4106
-1258
8419
-9986
-7760
3118
9150
-6357
1174
-9867
-9472
9919
-3883
3861
5384
-4588
-5405
8281
5259
5991
6641
-8377
-679
-5527
6599
-3901
-314
-3050
-9390
4100
1379
3502
-6620
6463
8027
-4982
-328
4971
-1757
-2650
4115
3689
-4365
182
-2083
1417
7528
-8839
-5433
7985
-8571
-6287
-1389
783
-9577
-5814
-5437
269
-1953
5977
-5946
953
6221
-2122
-2005
7432
-1710
2599
1710
-4019
-6765
5223
-6870
-7947
2470
3867
-3533
-760
-7698
4572
7215
-6433
-9759
-9914
-9382
-6160
-4506
-73
527
-9954
595
9996
2743
265
-8526
-3457
1927
3904
933
-9063
414
-2201
9521
937
5385
-6473
5234
5227
-829
7346
-3968
-4202
1712
3886
-996
1643
5480
-2499
-3655
-985
2392
9072
7222
2206
3259
7082
-1739
-2676
4762
6071
-6739
-1491
7014
-4783
-7769
-3347
4966
-1141
9682
8272
5247
-7469
-6215
-4759
3815
5958
7453
-5408
-1512
-5718
-8020
8072
7933
-2337
19
4033
4459
-8283
-596
5800
-973
9137
-2106
-4933
4999
-1691
-2501
6926
8115
4005
-6602
1468
-3953
7985
-8694
7410
7924
3094
89
4103
7670
-6265
-3269
6518
-539
-583
5288
-1555
-9581
6451
-4460
5182
274
9010
-4156
8221
6369
-9082
842
1577
-3817
-1574
1734
-1454
-2535
-9437
2636
9877
-5622
-7757
-957
-5862
2079
8890
-6932
-8316
-9654
-6767
9266
-399
-744
5176
1061
-2044
5049
6818
-3796
-879
661
-578
-7809
-6563
263
6473
-1564
8755
-760
4797
1251
2540
-721
-2620
8050
-892
-9878
-6610
-9725
-2153
-2276
-4491
-5869
2294
518
1551
-7512
2469
4894
5808
2341
890
6392
-8360
2830
4515
-2919
1744
6487
-1896
4276
7564
3442
-8267
-6552
-7317
-5734
-5518
-4368
6591
3522
493
2234
9552
1763
6474
1318
-848
1886
9379
-7165
-3462
-9010
8375
-2593
6070
-679
-8416
-7900
4393
5970
5700
-31
-2201
-3953
4370
-981
-8940
-8843
1245
-9323
6815
-9726
-7069
2641
8376
8740
-5164
9009
-2384
-398
-8703
-3233
-2512
6176
3837
-5315
-2676
9126
-9729
-6173
6446
-6497
-8988
-8835
-2344
-7562
4137
-6333
-3350
-7203
-2564
7562
9441
838
-9295
5736
-1757
-78
2890
-6184
-7646
7416
8836
7351
2336
3646
-1452
-289
2037
-3995
-7191
-9615
-9427
-2800
5016
-8991
-2946
-5217
-654
-337
1267
361
1282
-8177
8583
5170
-1700
2812
-8723
-7769
-4898
5565
2672
5806
-729
-4772
-8979
-7162
-4439
4131
-4700
1822
8467
829
4718
-6228
-3391
2471
-332
8505
8807
310
9039
-6529
3822
-568
8887
6033
6080
-3661
-8200
-4309
-7477
4598
-9846
-7219
-739
187
-3717
-9513
2612
-1403
-7275
-107
5119
5846
-8010
2685
-3963
4326
2239
-9095
7016
5464
8431
-2938
-6123
-4725
-3928
9598
1930
-304
-8417
7692
5787
1644
2020
-1343
-9036
-9082
-348
7543
172
-4463
3390
-3162
2892
-758
2660
-7419
3975
8375
8677
413
8443
-3246
7519
-1630
-5300
413
-3057
-4595
-8533
-5058
8057
9978
7214
-4671
-3948
-647
-1572
-3058
5534
5197
-6303
6120
2050
-9129
-6167
-4306
-8208
-4801
1263
1672
9539
-4691
3490
-7924
-7198
-3827
-3472
-9392
-2703
1850
7717
4815
-9587
8025
1923
3000
4344
8287
-2078
3191
3583
-71
7779
3962
2053
8185
-6336
5843
2298
9890
-9773
3634
-4253
-8900
3303
-5042
-669
3653
2464
-6516
8360
9218
-3411
-561
3152
-6430
2155
9605
-2190
-7903
4189
-8330
-2475
6192
4444
341
-9171
4832
-5953
-4951
-2372
-6795
6110
8039
8889
-6448
-6301
3962
1563
1861
7123
1987
-6196
-9891
-2416
-7066
-1966
-4060
4791
7933
5317
-5407
8105
-2733
3380
9083
-633
-327
1496
8876
3886
2268
-4160
5753
4005
-469
9255
1353
3395
4898
-5196
-6376
6913
-5177
-9462
5052
8531
-478
29
2687
9621
3021
-7104
4387
7715
4517
5054
-5210
1922
1754
-544
4878
8211
2572
4787
9582
7278
-6996
8279
1063
142
-4845
535
-3885
-9927
-547
-8614
-742
855
2643
1708
-1088
5624
383
-4361
2485
-5115
1517
-6378
-9891
5826
-683
7075
3733
9848
-3625
-4528
-6970
-6498
3895
-8141
-7776
-5061
-1405
-4036
-4756
-9464
4689
9397
5455
-7931
-3093
3302
1342
-7311
-5768
6784
-3580
-194
9367
66
-8265
6789
3256
-6362
-1142
-4879
-6743
-2784
-7864
8534
-433
-8981
-2964
-1899
9961
-9544
1027
5326
-1936
1171
3561
-7671
-9422
-7697
300
-2066
-1823
-9465
8222
9705
-8125
8579
9277
-3889
4425
3772
-6237
-2558
4505
-5459
-6775
-6693
2017
-7188
-989
9418
7262
7530
810
-1894
6112
-7733
-1707
-2592
3840
-170
-6661
6608
792
620
-8824
-9313
2634
4211
1553
-828
-1738
9940
-7115
-875
-8658
6405
-8657
-209
-1635
-5255
-1453
-5455
-9753
2230
-4124
-8366
8645
8195
5259
9321
-3153
-1699
2456
3773
3380
-8041
2938
-7817
-2186
-4097
-8138
-8683
-5546
2515
-4047
-2449
-4896
7974
5968
-9594
-8265
-3549
-7715
-1630
-5490
-8893
-2399
3242
-1887
-3956
2672
-9544
9483
2335
-5113
-3276
-3554
2137
8126
435
674
-4017
2372
-4186
8213
-626
8630
2070
-7865
-2471
8126
-5603
-7240
2918
7552
-3035
7629
-7868
510
-2829
5403
-4937
-7009
-3567
8221
-8573
7300
1454
-6925
6740
-2402
-7965
-7154
6811
3628
-5102
-7647
4546
3986
-225
1543
-5193
2586
3079
1925
-5805
-1252
5125
-5325
-3656
-9927
5752
7285
8283
-130
2726
-2948
-7499
2301
-9153
-7365
6787
-2281
4989
-7756
2928
6614
-8173
8437
-6696
-857
-8420
-5575
8553
6896
-8746
1731
4966
7458
-1015
-5628
9157
7187
9764
-8753
427
-3617
-8080
-64
-6324
6323
5788
2673
7452
-2095
6153
27
8025
2287
4949
6972
7048
-4512
-6157
3224
4267
-1332
3002
-3089
-3933
-333
-293
-323
-7224
7296
-7107
9368
-9161
-5952
8289
1676
6045
-402
4203
-8199
6359
-5023
9890
4379
6313
-6912
9015
2828
7980
-1686
-7574
-6999
-5382
-1818
-9255
350
549
-1104
-4916
-9867
-4150
-5991
-7397
3024
-9297
1714
-2240
-5153
8448
-3793
3374
-8341
-8520
958
476
1246
4774
796
-2652
1593
7470
-4970
-4372
7588
-8284
6843
3024
8721
-3936
2528
4546
-2201
6125
-1695
8403
-6937
-1915
3721
-1092
-9534
-1440
-4363
-9187
2181
-7559
2637
4226
9302
4952
4619
358
-9299
-4722
608
-8318
-2167
8867
1813
3564
5646
-6440
-6682
-786
5767
6478
4777
-5821
8221
-6547
-8890
3403
3749
4946
5257
988
-1688
-2764
-5957
-4725
9416
4578
4502
-3620
-8552
8994
-1483
6086
5175
-3356
7870
-2481
100
8307
-2677
2617
6033
5271
5345
-6273
1753
-5339
-6754
-2225
4573
8061
2446
6191
-3837
8681
1486
9454
-8035
1237
-7297
2139
7624
-4164
-7979
-3269
-9326
4786
-2389
5508
-5357
-1402
8066
-6292
-8984
9406
-8632
1665
-7040
-2396
-2162
-4827
8082
-913
7490
2541
-6107
7626
4105
5566
2617
5337
4697
6318
-2564
2267
-6688
-5592
-7539
-1256
-4973
-8576
3867
4175
3091
-9199
7676
4591
5931
-2691
7777
-3726
5762
8874
5117
-7677
339
-9878
9364
-6493
915
-51
-4964
3737
3987
2397
8610
-8714
-961
4234
-1566
-3289
-3504
-7276
-5859
5173
2855
1896
1480
-9241
-9215
7673
8177
-3615
-7153
2025
8859
116
2798
-7293
71
7734
-236
-3049
5172
74
-5482
9036
6225
6763
4840
-4750
9500
2980
1151
4072
-7603
2904
9880
-5259
-493
3053
2874
-9589
-1187
1934
-5826
2312
-1838
-3514
3059
1699
8469
1755
5486
3091
-7491
4943
3543
7658
-8655
8296
-5155
-9309
-162
-4977
8933
4235
2404
-5283
-4188
-8220
5053
-6390
-8796
-9279
4141
4173
455
7216
9488
5678
-5370
-9369
1934
-365
669
705
-82
4145
3846
-3751
1445
-5359
-3017
6360
5813
8078
-6256
7637
-2709
5869
-1061
-8836
-306
6367
-2626
-6492
3394
-6503
-3546
-691
7104
-9140
-9341
3565
-6094
3856
5975
3805
8858
-7145
2123
7504
1962
-1531
1140
-8122
-1342
-439
8445
8558
7208
-9923
3173
-1064
892
5506
2553
4762
-7500
617
-293
-4507
8461
-3658
6879
2469
-7587
-2124
5097
2535
4632
3281
7214
-828
4662
-3959
-7628
-230
9461
-2565
7244
-7973
-2151
1287
-7252
4249
9389
779
7117
521
-1292
-4565
-8631
7909
-3138
-8042
3232
7097
6208
-2378
-9616
-4160
7647
-140
9141
8558
7009
-8802
4947
8010
8929
-3397
-6629
-160
6861
-5012
-5576
-6493
-7478
-4049
5733
8467
4711
-2277
-854
6240
3004
617
8852
-4946
265
-7722
-9830
-3373
-3302
5680
-4222
2958
4318
-6554
5461
-3837
921
3291
4095
-764
-6931
-391
6197
-7817
4493
-5456
-5101
-423
3630
-8607
9276
-3094
1060
-9430
-2275
-629
9996
8250
-236
2846
-5335
4124
-9196
-1151
-6401
-4917
-6806
7419
-8584
925
-7697
7750
9241
3793
-7751
-7072
-84
8063
8414
9220
4349
2579
-4646
1630
2051
-2624
-9417
3589
-6802
-7148
8127
-1604
3297
5731
-23
-9169
-6158
5155
-5660
-4796
7709
-7730
-1921
-6935
-1734
7387
-5380
-4295
-4780
6308
7394
4719
3380
-1346
4336
-4092
6622
-8910
3137
9634
7857
-211
3514
6942
4347
-5264
-2972
110
8152
-5990
-8834
2735
-3407
8607
3072
2607
-5910
5022
-6022
-4567
-5841
5451
-4540
-7935
-8713
-383
-8301
-1549
1807
-6611
-2805
5014
-1157
-5282
8175
699
-9065
4132
4642
6299
2034
-5701
1171
-3641
4437
-2924
-8800
-5062
-8429
8620
-3092
4422
7980
3378
145
-9908
3059
-2507
2698
-3503
8637
-3267
7846
-6677
9086
9396
-2733
9046
-3319
7217
-156
7151
6260
8350
2900
-749
-8862
-4037
-2639
4781
1580
8635
-7562
506
9778
-785
3995
4098
1588
2045
4000
-6682
8284
-8190
6013
1019
-1278
-3985
-6444
-2385
4550
-307
-8321
6269
-7898
-6050
-3980
906
7291
7518
1400
8671
4752
6308
-2927
2979
1363
-7018
2101
-4322
-8797
3507
-1670
-8711
-7344
1702
7387
8808
-2173
-9838
5733
-5731
-1878
7677
5812
9135
4970
-9246
-5756
1904
-1218
-3383
-3576
-8435
-6513
-8899
-9433
677
7797
1212
-876
4138
1615
-7074
2846
-7407
-5668
9598
-3148
3120
2367
-4301
-2252
8698
-1088
1591
3282
6805
5064
-6851
-5239
8229
-5640
-9557
8070
558
6775
-3258
-2499
-6408
-9064
5595
8209
1238
9131
-6167
5109
-2125
7509
-2694
6319
1451
-8045
8516
7690
-9922
-9646
-8163
-5639
4994
-4929
-9920
255
2263
-8822
7808
5765
2811
-4115
-3570
4579
2948
-2590
-5453
-365
-8164
-4757
-5369
9278
9985
-1774
-2546
-8018
-2531
-5715
-4649
-5851
-6882
3981
9740
6851
-2565
642
-789
-1503
-7885
-7424
-1481
5369
-712
5590
7830
3046
2933
-376
3681
-5961
-4280
8687
-1354
178
1983
-8608
1456
3520
2223
7309
2604
5980
-7527
-5556
-2202
-6727
-1452
-9512
3536
9200
-6097
8426
-6923
-6124
8456
2514
-5332
8583
-6970
6408
-5830
-4626
-969
-3072
-8069
-9628
6907
2827
1153
184
-2011
-2974
-2225
-6299
-4510
567
-1309
-9006
-8449
9600
701
-2761
-1937
6040
-4857
1747
2480
959
9032
6398
-6405
5710
-5748
-325
-6732
-7511
-1044
6027
8232
-470
-3141
-4229
-4053
-945
8529
1386
-5512
2681
17
9650
6469
9099
-7102
-4438
-8421
4676
-7259
4653
-3858
-8841
7696
-8524
-7256
-8507
-6756
1222
-8883
-4064
-7786
-5460
-2086
9234
-5303
-6559
-8419
9850
2034
-5973
4267
1189
4329
7319
-4986
-613
7242
4192
3357
168
6152
2813
1683
-4945
-2665
-2259
-1360
2232
2294
5771
-8766
1276
5068
-4610
-7209
7248
-7472
5409
-6522
7149
-4339
667
-6834
-1782
5815
-7957
5404
5712
9122
6388
1608
-5490
9181
-2133
3763
1925
-1008
-8406
3242
-1007
-3098
2470
-2294
6648
4410
8958
-7099
1991
2296
-202
7781
4935
8829
-1352
-6377
-2279
-1677
-3879
5462
-4429
3061
9045
-4767
-5836
1864
2724
4620
959
7775
-7668
7724
2222
-7882
3489
3419
-4842
-1309
7941
3147
-8234
1590
1477
9268
4853
-6260
600
-7270
9045
2288
6917
8455
8043
-8629
-2444
-9999
2398
-4241
831
-9691
1792
1363
6639
7886
-2011
7011
-2535
2098
1034
-5416
-3443
-7997
-8896
8606
-6510
6740
-3557
-7698
-8907
119
4045
7836
-7535
-8732
8067
-6893
-6046
-7832
7482
-2408
-6244
7781
-2372
1632
-1216
-7034
-6039
-493
-5195
7657
-5142
-2907
5278
-3303
4547
3269
-497
7734
-3966
-388
-8738
3484
-3967
-4728
2010
8617
-3886
-8269
-1998
8359
-1407
-9275
5501
7271
-8730
9484
477
780
8594
6476
-5035
-1323
-6872
-6185
9178
-7973
-4455
-9983
-9274
-3118
7716
4235
9223
105
6223
-7989
-2378
-8081
-3046
9298
5744
6191
-5864
-8821
4093
-1361
-6832
4821
-6882
5929
4376
8822
1281
-7621
-4801
5083
-5112
-9375
-9696
-7700
8758
4954
-8646
8248
8679
-9246
-1946
5288
2907
3295
-931
5519
5690
8494
-5397
-6684
-5718
-2853
-7800
-3172
3237
1613
6210
9798
8540
-4614
-1506
8887
-8914
8002
-4547
8523
6013
2868
-4635
-1745
1624
8712
2766
-963
8153
-5474
4127
-1428
1419
3370
-9990
-203
1256
-3025
8038
-180
7016
8422
2480
-4526
598
-7949
8692
-6655
-2452
8649
-5492
6675
7319
-4951
-2794
-35
286
-2695
-7357
2943
420
-4822
-1908
8914
-7306
9694
8474
9086
3169
7465
-2082
-996
795
7572
-7406
383
-4544
-6816
-1479
2550
1087
2527
1735
-5210
-4336
9853
-6336
3747
4537
-3300
-932
7480
279
8106
-480
5137
2651
9729
5192
7901
-4163
301
5404
-4788
9687
2996
7436
1710
-1949
3677
8036
-3017
-1298
-1293
8239
-4965
6093
-930
-8138
3599
-7257
-2372
-3292
-2725
2449
-3428
-9802
2739
9965
5381
-2039
9610
1078
4833
-6812
-8497
7319
3234
1959
1644
-7393
-5854
-3016
8433
-3373
-8391
2547
6914
-1287
6702
7145
1968
2437
5764
-7864
-2570
1982
1074
5902
-2352
-8343
415
-2481
8567
7475
-5655
-9603
7876
-5110
1912
-7201
-126
8266
4563
7630
-2106
7591
-632
-2739
716
-630
-759
-2612
6128
2599
7938
6662
-6031
-181
7141
-6439
-6792
-362
-6302
-8051
7800
5618
131
6375
4425
5181
9647
7097
-9172
-2745
8832
-1346
-1539
-5228
1302
7385
-739
1318
4925
2896
6784
8427
4755
-2820
-8022
863
-3037
1981
4008
1987
-6020
-3020
-7388
-8316
-344
7966
-6346
1352
1599
-1486
524
59
-3504
-5506
-9383
2150
8660
5029
-8103
-8433
-1734
4564
-8863
-8143
-6588
-7434
-334
-1248
6927
260
-3189
6519
-3846
4014
8750
6691
4844
-4920
4987
-5375
3056
-8891
-6359
-8158
-9309
7358
-7578
7171
4000
8494
872
-3431
54
-1559
-9334
-3402
537
-738
-8082
-7644
-1959
-5444
9219
2528
-2738
5039
2296
-7976
9444
9905
-2486
-6141
1144
-5985
-6803
-4537
-794
-662
-1405
-6054
-7819
-788
-950
7057
-4425
-979
8556
-1460
-539
-8772
5676
-4852
9424
1281
-4611
5472
4168
6058
9835
-6836
7830
895
-2034
8965
-9158
-8987
5713
-2782
-4241
6880
-1264
-5895
305
-4261
-7024
2577
-7216
5125
2410
-6543
-4630
6002
-5963
-9905
6845
7569
-1841
7930
-4965
-9356
1661
6810
-9212
7297
9298
7528
-3606
447
-6668
-2225
1977
2435
2421
6214
-8286
-3998
774
3439
5375
-1126
2347
336
-3913
8878
-152
2775
-1046
5783
-3972
-8803
-2173
-4584
-9993
-5813
-2197
-1623
8470
-3584
-3040
8808
-4082
9249
-543
1963
-7462
2333
-8721
-7295
-7718
-8643
6612
-6347
-5094
4353
9815
993
9883
-5453
-7514
-6313
-8065
-9479
3973
9486
-2063
2741
627
-6210
4588
-3649
-8084
9152
-9096
-2703
4241
4252
-357
6346
-8563
-1196
8727
1374
-7067
-6826
4253
-1662
-4245
-281
2456
8059
3757
3363
5058
5755
-8908
-9894
-7153
-8291
-8225
-6357
-1039
4672
8555
-9796
6109
-7202
2427
-5014
-2681
-1008
-5287
-515
-5575
3368
-8617
-6464
-4471
7602
-2304
-1165
-1618
1060
1441
-2043
5687
-1732
-12
-2879
-2765
7253
-2125
6951
-5426
9562
-6461
-8725
-2693
8578
-9485
1530
-3954
86
-5379
-4838
-9116
-8118
9683
3788
9340
-5202
-2133
2317
-8558
9353
4926
-1897
-5176
6830
-5742
-3696
-8907
4064
4448
-6421
-7035
9269
5837
-632
8048
5220
-3663
3969
-6370
-5163
9109
6096
9580
5985
1303
8085
4373
2533
-3928
-7532
924
-1734
6527
-6513
1248
-7816
3549
5907
-3951
-4320
6701
2394
7180
776
-5730
-4373
8605
-8132
-2671
-4208
5845
5331
-4935
-9591
447
-2880
-2002
-9889
-8723
-6989
-3373
-7176
-2766
7416
-5405
6057
-1527
-33
-5587
9781
-9147
-2232
-2988
-2159
7517
-8949
-1941
7690
-1563
-1553
-3079
-7525
-1357
1545
6499
-1167
456
5388
-5115
49
-1315
-6038
-8912
7496
3221
-206
8727
1638
-3294
-3524
-1439
-7613
-6384
-7342
2948
3507
-8056
9570
-3017
5877
4738
614
1243
9829
2342
-8574
378
-9180
268
-1188
-5655
6286
5732
9390
3625
-668
4964
7281
-4407
-1734
-3069
-4727
5080
7103
6361
-9408
2163
6473
6110
872
-6122
6745
5613
-9664
-436
1594
-7398
-50
-680
9956
3200
-5035
8522
-6871
4600
-3964
-7140
3292
8649
-3015
-5450
3610
7170
3346
-7433
-8277
1350
-6662
8972
2715
-889
2507
-6924
6053
-3946
-4727
4320
5640
-7176
8075
1202
-6933
2960
2218
-2558
5815
-1396
-1806
-5615
2485
-4872
-8071
1151
3130
-9381
9879
-8943
-1685
-3236
3734
-8809
2916
7821
-8132
1169
3755
-7743
-3883
8760
-741
-1735
2368
-9079
7373
1721
-8398
2094
9652
5592
-9588
-8487
-5724
863
5395
-5183
-3200
2416
3947
7585
-8092
4129
-5372
7407
9379
2303
1535
-5323
9005
6010
-8437
-1594
-3109
6390
-2398
-3961
-8141
-5035
4542
-6799
-28
1972
-4725
2144
6435
-1910
-6270
1565
-1070
5675
-6412
-1078
-5293
-3914
565
-4800
2758
3177
5399
1327
6325
629
-7462
-7832
-8378
2044
-1685
1969
-9971
9752
-8883
-9033
-345
-9213
1899
6156
2168
-1270
-2542
7866
6216
5500
-3299
2973
7919
-1234
8256
2067
-6042
94
2120
-2580
8912
5147
-1337
-5180
-9536
3591
3868
-8300
-9030
3791
3469
7416
-2484
-9787
178
7382
8550
-1615
-239
9428
-4203
-8434
-3130
-5544
-252
-927
6326
-9017
7461
8190
-3172
8068
3172
2560
125
6808
8326
-8566
1029
-4417
-4478
-9637
218
-2389
4518
4656
5134
-8421
-5349
-7385
-4072
-1770
1908
8313
556
277
6872
-3606
5440
8666
-8051
-9836
8416
3555
-6804
6175
71
7773
-7553
4910
198
-8855
5289
-1063
-24
5812
-6888
-8796
-5674
-8141
-42
-5934
6781
-7247
6935
-1792
1802
-8314
8608
3889
3022
5229
30
9690
-936
8065
-5840
-3149
-4274
7292
-2616
-809
1820
4240
3147
8250
-4045
-3929
780
2871
9680
-5889
-2745
4538
-3167
-436
7017
-8820
-9793
9594
-622
1092
6241
-2547
2760
-9776
-8167
5679
-8658
-6194
5056
6851
-9922
3756
300
-660
1635
-9372
8234
9349
2328
-8270
8509
-863
8719
2411
2561
-6433
-193
4073
-5793
-2425
1761
-3958
-7683
5715
4341
5428
3849
8869
5556
5802
-3820
-1738
2164
2940
5642
284
-9462
-8555
7363
-8690
5123
5671
3076
2637
-6561
2237
-9095
-1181
-2322
3134
-1201
9393
-7080
9424
-4554
4761
-2658
4108
-1825
-2263
-3494
-2830
3882
-391
-5632
-822
136
1248
-4489
442
6147
9057
-3360
7330
2130
-3099
-2915
-3563
2616
-4604
5319
-5766
4667
-8024
-3081
5976
5444
781
375
-6364
-6772
-3469
-6830
5673
6294
5315
-349
7922
8938
4147
8189
-2604
4725
-9449
3819
-779
-6177
-8973
7572
-3475
-9916
4717
1609
6731
-911
-1127
2075
-1047
2556
-9054
-1059
5362
-1170
-3800
-8826
8967
0
1235
1581
-4841
8052
-1704
-3549
6414
-8987
8897
2721
-8136
848
-4687
-6578
4625
3217
-8587
9519
-5262
-3292
5317
-3075
5489
4307
56
63
962
-327
426
-1149
4965
-7033
8840
8048
-2634
-8158
-9417
2375
-3795
1479
9371
-2507
8090
8773
1474
-6237
-9544
-2362
7126
-3285
4538
-7845
-6282
7697
-9958
-9551
2977
-2481
-5241
765
8856
2695
1578
2576
-4430
-7848
3931
7994
-6793
-6050
-5240
1861
-8373
2633
-3545
-7531
3434
390
8396
-1491
1198
-7411
-4701
-2738
2797
-4607
6603
5823
-7851
2847
9695
8513
-6087
9572
6098
4607
132
5894
-1105
8714
-6404
4414
9601
-3658
-9410
6610
1369
-9878
-8374
-3517
-4661
3387
-5636
-4097
-1652
9604
-578
1681
-8433
8004
1691
-3218
-3170
9282
7735
7064
358
4074
-5637
-8637
7338
9278
3191
-5412
6589
-2982
9472
5079
-5680
3817
-3149
6251
5072
-6877
8071
4121
1156
2214
9585
2238
-6391
-2114
-1051
-9204
8050
-9844
1513
4043
-8421
-783
-7164
-659
817
1096
-1895
-7530
2963
5242
-6084
-7538
7130
-1367
6408
1174
7880
-7610
8043
1550
-6373
-5049
4789
3466
-193
9348
8587
8334
3390
7034
2247
-4345
-557
-4209
9132
1704
-5535
396
-2081
2175
402
2642
-7413
8961
6513
3888
4514
3358
-1877
-6821
-489
-4405
-5499
-6069
-8783
-4968
8323
-6254
-7803
-5062
-4210
4943
-7542
-2028
-2336
8264
5348
5107
1341
2202
5721
4838
-9476
671
8218
-1565
-549
-2846
-4046
-6704
-2077
6739
-8246
-7234
5988
6950
7937
-7034
7197
8075
-2927
6548
-9306
-7028
-109
7674
-9838
9399
3369
-7788
5826
-9504
7175
-9491
649
-8588
-6228
-1453
-9035
-4141
-9794
-2816
-8994
8211
4284
8239
-685
-5856
9406
-4555
-1681
-9874
2917
9197
8765
-1423
6878
2298
9450
-9413
-5010
6467
-1484
4255
-9518
1301
-2118
564
-7869
4565
-9157
6466
-5511
5137
7529
-6525
-1429
-7174
-3623
-5744
-2806
-3937
-1730
-899
-5418
-8152
9082
-7036
-7524
5853
2754
-5690
-5743
4854
4882
-6892
-6273
-2665
-8680
60
2478
3249
1374
-4290
9287
7812
-120
-8617
5050
-3553
7045
-8369
-1701
8915
-4285
5912
2740
1973
-5726
-3995
-9584
5813
2679
-3820
-6331
9808
-8780
4470
9985
5920
-3917
4387
-5895
5250
-2531
8889
5917
-2538
1178
-7748
-7674
-3837
-5811
9350
2943
9495
-8392
-8280
-658
-6981
2536
946
3102
-1076
7131
451
-8499
-6518
5974
-9163
-2693
8940
-5948
39
6445
7156
-5803
-6909
7497
7450
-1580
6080
2349
-1782
-6459
-1702
5808
9801
-7032
-1965
1065
-9025
1372
9474
-494
-6557
-2956
5724
9716
-7403
-9867
2497
-2102
5551
-3194
5601
-6105
5755
5137
-7574
9342
-2241
4533
-4877
8277
-5693
-2582
2003
-6421
1536
-7345
7402
474
-8282
7547
2803
703
1362
-4749
387
8469
-2254
-6700
-2282
3137
302
5389
3392
-4735
-2270
-7199
4646
-7835
-1836
3389
-7755
-4452
-533
-574
2451
-8855
4744
-5346
-4322
3049
752
2670
5199
1471
1314
6538
4499
-3579
-8315
5001
-1066
-1401
-1917
-8440
-7337
5053
-4926
1848
1816
5051
-7104
-9582
-75
5484
2165
8863
-5550
7508
2436
6517
4589
-2919
7711
3771
8146
-6679
-3637
6405
8410
7241
3853
-3650
8902
2152
-476
-5586
4657
3558
8801
2694
2624
7997
2950
-7783
-5976
2393
-5790
263
-9558
-4792
5946
-5591
133
-1773
3509
-7409
4554
-6869
-8365
8846
-8387
-5910
-9587
-1220
8553
-7399
4449
-3113
-8464
-2770
-9772
-551
1278
9518
3290
-9145
-7977
-8098
2420
-5471
7713
2397
4849
3296
-8531
70
-4996
-4137
6124
2807
-1915
4901
3767
9422
8294
7829
-9969
-9895
-1002
8632
7739
7920
8175
-5846
2467
-7495
8997
4182
3824
7600
3493
5166
5594
-5842
9654
1613
-3846
-1044
4850
-5579
6827
-511
-2267
-2002
6100
-245
3208
-4160
9962
1045
-6129
6408
8794
8186
2682
6060
-6692
-7294
5218
1212
1492
-2114
-4444
2809
1094
-1899
1397
9700
1453
-2193
-7373
7566
3149
-4973
-947
1425
-8390
8724
-7755
-8550
-8797
9153
-5033
1145
9100
-2206
-2545
1426
8015
4813
-6829
9443
-2959
-2326
-552
2929
8691
1056
8873
7323
8137
-616
4517
427
8255
7384
-9146
-5529
3421
-9558
-456
9547
8648
-330
-6660
3568
5285
7389
-4463
241
-3665
-613
3166
1336
7801
-9158
-8140
-3425
-3119
7614
-3603
1447
1398
-2452
9966
-9887
-5966
6388
7549
-2087
4164
6312
-2374
1987
-3339
-4180
-2477
-3241
-7727
-6509
7678
-2556
6275
-7039
-2567
-8454
4528
6788
-6645
-3972
4468
9807
-1290
-7193
677
-1113
-5446
810
2707
1220
-9114
9095
90
-6228
-6929
721
-1044
1476
-7032
-1995
-9929
-672
-8929
1459
7939
-9478
8186
-3647
-3568
2142
-4312
7817
6322
-4975
7132
3862
-90
5013
9373
7461
-8782
-3255
-2499
7190
-8730
-6029
-1004
6279
8605
6363
-5288
7148
8885
5095
-4372
-4654
3056
1657
-3161
3920
-5131
-9269
-1551
-8947
-2214
8744
-4741
3514
8457
949
-4219
5040
1859
-3684
4707
-852
2565
4820
1642
7768
9424
6925
-4979
1905
4655
9775
2632
8314
-4810
5430
-852
5634
2855
712
7875
-2563
4133
5232
-5519
-7322
-7998
-5647
-9971
-366
-9663
-5806
-3648
-9162
-3887
2850
-7231
-7220
5246
-7478
5184
-8016
-9624
-7872
-1965
-355
8851
4109
-2682
1658
871
9957
-8541
3193
2070
-8219
-3071
7092
-396
6076
7971
6051
1410
8934
509
-1414
-7907
2195
2610
3257
445
4627
2152
3907
-7888
-1014
7069
8895
4855
-4391
3651
-2911
-6603
5633
-7083
-4165
-7134
-6091
8080
8414
1795
-5786
9116
-4658
-9034
5400
-3671
5211
2192
9237
-14
455
-7133
4882
7119
4128
9193
-2488
-2214
-9435
-113
6543
-5641
6240
7105
1391
-2882
-4252
2745
-281
4947
-8841
-5534
-7742
-5982
5188
-644
3463
4601
4192
-3451
9647
7396
1374
-5304
-3289
5478
2731
1862
412
5767
-3757
-9332
202
587
-8504
-7375
-1702
-8119
1010
-6636
-3388
6069
494
621
-1551
1902
-7387
8968
758
-5698
876
3556
8886
1790
1195
-3632
-4550
-1327
-519
-4159
-6554
-396
-9638
-6266
5147
1513
751
2070
-8095
5834
7898
7931
-9376
-6467
-8916
-2300
-7565
-8066
7576
3255
-1868
406
-7450
-2477
9839
-7179
-4108
-2739
8038
-1992
6742
-5375
-6597
-2681
2230
-742
-2670
-2883
6654
5656
4647
3594
2292
-8448
3807
-8027
-9676
8177
1104
8046
6230
-8525
-2594
-4262
2615
7384
-8991
8534
2193
-3862
-4152
-1939
-7039
-7494
-4708
-1795
-4478
-7726
-3273
1880
-2358
-5277
7522
-1543
8092
2372
-6680
-9726
-1604
-3403
-2844
-1521
-7644
5815
-1482
-9485
7451
3432
-2383
-5041
3740
4411
555
6090
-9581
2479
-8872
7803
-3446
122
-7010
-3834
2468
5915
-2551
9231
-1785
-2408
-8421
-3138
-8181
9430
3459
3181
1969
-7137
-5530
-4294
-3786
99
2650
7381
8170
541
-2060
2188
8498
9251
9161
-491
-1885
743
-1504
6930
7586
9411
927
-9411
6271
6718
5270
-2464
1205
3874
7265
-4153
9873
3278
3212
1265
-796
-65
-1619
-4773
-4605
8458
-6914
-733
4251
-9279
581
9803
-9706
-46
410
-7243
3776
8275
6710
-9173
613
-8212
-8585
2710
-6146
-4967
7075
-7405
-4825
2630
773
-2702
-707
-1588
-5157
-9159
8226
6039
319
9360
3776
3556
-6269
765
5078
-409
833
-1956
3625
-2571
-8346
-9303
8885
8909
2321
4315
767
-3503
-4599
-296
2956
1826
822
2591
1690
-3819
3043
-9317
-2678
5068
-4264
-1762
3706
3809
-6515
3395
6174
1677
-7227
-4563
4117
-4271
-9555
-4701
5868
5324
2422
1366
-8183
1409
-3754
-2468
-4151
8751
-8493
-589
6257
2911
3601
6221
-8057
9195
-1964
1480
-1020
6421
6787
1663
-9533
-5905
-7410
-4517
-4768
932
859
9772
9899
-3840
-1190
8091
2038
5715
-5399
-1944
8589
-1178
-8871
-6715
-1008
-3838
-1517
6898
1405
-8017
7581
-5736
5201
-7249
1290
-5057
-31
5948
-596
1717
189
-6409
-7766
-2221
482
-2246
8453
3956
-4354
9275
5212
1284
3197
3526
7256
5366
7809
-9388
-5791
-5701
7953
-8128
5649
3160
-8050
-4086
-6242
7634
-3566
-785
7289
9850
4703
9502
7255
7887
-1702
2059
-3339
-5342
-3407
-5493
6673
-6502
-3249
-9660
