2407
5355
7428
3920
-1927
-4161
-1523
-6680
-7857
-8545
-8963
854
-3187
9485
9523
618
8660
-2764
-6641
-4388
-5493
7241
-8916
3732
610
-9493
-8342
-117
-3997
6388
2727
8611
4013
-1665
-3346
-6895
1394
4572
8060
1310
871
3964
7730
-8957
-53
-9914
-9221
-8670
9670
5901
-4464
-2706
2851
-7979
-6504
6368
6269
-3614
-4195
-321
2629
9964
-2571
5031
2461
612
760
3860
-9261
6471
2549
6395
202
5498
1391
-5168
3936
3637
-9210
-8191
9416
-2516
-1058
-2810
3779
-2323
1163
6447
3355
5774
-1009
9564
8990
4207
-7971
-1216
-9990
-1222
1557
-7337
-7074
9980
9772
-4702
-6960
-1208
-3764
1993
-9229
-2077
4941
1396
4366
-565
-8841
8194
-2720
-9592
1539
-6881
8934
-4323
7215
3026
5592
6545
-1681
7590
-6398
-3996
3421
-8730
-4491
3734
-2268
-3481
-664
3522
656
9647
-261
-2716
1222
2409
2778
1306
6150
-8754
3090
-817
5220
2430
-5242
7572
9304
-9309
-2684
-4125
-6237
816
1016
-1711
-7319
2294
-2742
-6677
-8117
6931
8474
-4574
3854
6860
-7005
-7427
-7345
-721
7451
-341
6502
9693
9635
-4419
6398
8166
-1306
8036
5477
-5599
1466
5762
-7395
6037
-5934
-2946
7632
5027
8692
1236
-6926
-9952
4516
-6983
1238
4597
-3606
-3956
-9278
856
4795
-5757
1332
-6854
-7711
1825
9833
8640
4994
-9263
-7251
4747
-5840
6698
270
1773
-6309
2409
-4097
-1981
-428
7955
3459
8541
477
-6162
-4587
-4970
735
5680
-8986
3282
-8267
4849
-3893
-8192
5038
2757
1158
9939
-378
-7228
-935
-9739
1597
9092
7876
3659
-1625
9696
-5190
-4629
272
220
9311
-5958
4747
1935
-8637
-3198
9988
-9763
-6923
1977
1734
1238
-2893
-9764
623
8655
7282
-2264
9535
-7898
-2292
4164
139
4576
5829
7798
-1728
-843
-7409
-8785
7743
-622
2045
-8456
1692
7824
1630
-7601
9026
7006
860
-4802
7992
-8208
3480
2149
6088
4373
-2934
-7190
3197
9653
-7482
-2895
-8335
4893
-7375
-5928
-7838
9030
3933
-6847
-6873
-6355
3818
7617
4950
4186
7841
-6584
-7332
-1186
-9112
-4575
-9780
3186
-3239
1205
7412
3475
3656
-80
-2673
-9297
6303
-1945
9921
9544
4968
3379
4086
5862
-2877
7545
-6626
-1321
7643
-7738
-1426
-9737
-795
2966
-5135
3648
4409
6775
-8782
7765
-6589
253
956
-191
-1695
-1201
-4658
8026
-6893
-8933
9599
6979
5785
-9408
-4905
1972
-6214
-9109
-7381
3665
-5117
-3213
2070
5463
-60
2323
7026
5458
-4188
-2782
-8580
8038
9585
-9954
-4154
6123
-9922
-1424
-6793
7321
3562
-7405
9255
-1228
-9345
-25
-4064
-7148
4220
8537
-82
5408
8458
-5538
5534
-7816
-2685
7196
9142
-4244
-7065
-5690
-1479
-7606
3852
1040
-8460
2014
-9580
-4429
-1135
9442
7177
-9911
4997
9783
-5992
-1276
1016
-2468
313
9158
3460
5758
4177
9078
-4472
-7022
-3316
-7093
947
8858
-3662
-9071
-2733
4515
-3725
7596
9564
-5778
-4626
2837
9044
6387
-814
8555
-2206
-9606
8296
-9403
-5052
-6702
4078
-2974
7081
9519
6171
-8923
-88
-5179
3699
1796
1307
307
-9397
3872
-6040
9278
6812
4314
-9777
3451
3494
-8400
-1380
-1307
-7965
-9281
3034
-6051
-2217
-3952
7672
-394
-7409
6598
6540
-3463
-5636
-5218
-1988
2790
1016
5442
8160
-4679
-2556
-1969
-964
-9964
-1103
-3322
3921
-94
2284
1427
-2994
-6105
-1626
-4556
-469
5505
-3772
-9797
9886
-2861
-6699
1659
7340
7545
4146
-8494
-9797
-7903
9409
2002
9962
3015
6980
-695
8550
-9032
-3111
-2732
1202
-9722
-3994
9217
3403
6521
-8578
9556
7396
8212
8262
6484
5556
-7796
4342
-3191
-8799
-1199
-2815
-1584
-1140
202
-7262
-5426
-4466
-8064
1897
-4470
3270
-2249
-8982
3580
1314
2275
-9825
-920
-7088
3006
1969
-7638
7790
8144
4237
-5072
189
-1352
-3348
-7120
-4288
-8945
1383
7874
-3557
-3955
-1988
-8747
2898
-9456
-8375
8527
-1999
-2269
-4383
-7599
-6958
-1056
-7956
-4112
-2000
200
7488
-477
5892
-2968
9317
3331
4056
-9000
-7767
-4635
-7369
4290
-4637
5054
3007
-8115
9708
-8355
-7094
-7394
-9599
-7131
-5410
-5261
5568
6849
7914
-3076
-309
-1600
1986
-6373
3298
3644
-2186
2141
2035
-9032
-6739
-3239
4467
1137
-9059
-6447
6525
-7143
666
3848
9440
-4448
3189
-4567
-1129
-8876
6822
825
2452
3929
-6920
-9647
3578
-6420
4013
3275
8869
-7026
7707
6839
-8456
8493
4104
9152
4260
6032
2521
-6369
1894
-5487
-718
8153
9210
-1067
-6312
7476
8919
5885
-1487
1291
6687
9737
5976
-9042
-9619
3151
-8586
-5011
793
6141
8278
3712
-4476
-3327
3933
1678
3049
8657
-6146
-3633
4915
-5927
4248
4898
-7529
3603
-8389
1551
-5095
-9923
8418
5901
-2203
4131
-1734
7955
9723
-7415
8551
929
7715
-3918
570
828
8735
6831
-9570
6034
-9580
1439
-2991
920
6963
1576
-8319
-2462
-1886
8638
-2043
5772
-9203
8706
2957
-4378
-2924
9070
3907
2549
-477
-2503
6845
-2857
-6890
-3339
9023
6199
-471
6338
-543
9503
-6371
5463
-3908
-9628
-8861
8163
3667
2100
7563
-3816
582
474
8740
-3788
-5481
4102
-2699
7061
5548
5837
5561
-4509
9675
-7334
8339
-529
3927
-5648
-8077
-8761
9843
-6113
6461
5934
4475
-2746
7881
-3467
-8220
3071
3733
1169
-9973
3886
-574
-1903
977
-1474
1335
-4870
9307
-3425
-925
-930
-496
-4878
5429
6980
-1329
-9897
5145
4173
-9625
7978
-7751
1186
-1499
-6072
7947
1844
878
1700
-7236
-9721
5047
-3962
8279
-3959
-8109
-6065
85
9737
-9489
9629
-479
-2991
7925
6734
-4189
9000
8439
-9645
9705
5642
-9552
7295
-9047
-4446
1762
9464
1063
7525
-9257
-3953
-2102
6916
6322
9421
9787
-4909
5158
-6492
3889
-2648
7800
-3210
2638
314
-4212
31
-3400
-7761
-3276
2485
-4218
1137
-2272
-9536
6744
-4088
-8588
4527
-873
-5181
-9205
-4259
-7312
-4248
-8658
8944
-5498
901
-2302
5403
6477
4322
-6090
6580
-3257
-3930
6987
-2430
-4215
-6943
-1821
-6264
8335
-2508
4304
5461
3676
6172
-2213
-8262
7165
2892
2157
8931
-1065
3887
1582
6012
2444
-7345
-9870
7125
-3507
-3332
-7844
-1082
278
8251
6320
-3831
-5377
2394
7019
-341
659
8395
-5972
2764
1134
-9812
4970
-7903
3218
-4367
7081
1864
8876
-687
4944
1191
6072
393
3746
-6512
7858
5147
-7359
4003
534
-935
1756
-1775
-3523
-3875
-7322
515
5773
-457
-7319
-4189
7847
-8722
-3475
-7731
-6906
-9650
7110
-893
-1129
-9842
1688
1305
5698
5912
-7711
-8115
5435
-3435
8473
918
8528
198
-5038
-7236
6264
-4485
-3411
-2874
631
6272
-5830
9893
-3466
5403
-1021
-6778
847
9897
-2995
-4884
-8342
6316
-2120
155
4584
1482
-8988
1790
-5761
-219
5246
1432
-407
3680
-216
9607
9028
-2308
-7483
8009
-3546
349
-4703
-2043
-7601
-7169
7402
1087
4432
2115
1858
5915
4934
7602
4365
-6133
-433
2957
645
3602
-5329
2927
-9985
-6181
-3892
-2632
-8592
-3104
-3617
-9542
955
1576
-172
-8747
9214
-9086
3020
-9220
8364
-4877
-3448
-1235
-545
6279
3973
9320
-9468
-2941
4244
-6120
203
7378
9896
-2842
-5023
1808
-9475
-4918
-2308
-1584
3170
-2541
9605
2401
5182
-6482
-3689
5012
-6673
-3041
4473
9234
4443
-7953
-5846
-5751
-5232
2141
3186
-207
-8452
-941
9174
-3871
9384
9658
-9998
5012
-558
8295
8082
-3833
-9382
-898
3032
1378
-2019
2339
-4327
-8386
-911
-1825
8629
-9967
8169
-3753
6178
-7932
-957
-895
9174
5605
-2630
7243
-8999
-7019
7263
-5474
-3746
-1413
-8710
-8053
-635
7985
4235
-6046
9756
-2305
-2735
-491
4074
8157
6075
-7967
2553
621
7992
5371
-4155
1756
252
7119
5862
1516
1593
-8260
-1086
5621
1972
7686
-3578
-1926
-2443
834
2592
1531
7700
-7677
434
-5133
-6942
-512
6832
4577
-7274
4751
1346
-8265
4145
9384
-5078
-3597
-7312
-2766
-9663
8526
78
-6653
-5018
-8611
-7243
-494
-1308
-4927
-9916
-854
1292
6024
2273
5365
4822
6329
-2692
5206
-40
-1973
-2400
-431
-9586
2007
-7223
-5573
1213
-5716
-3518
2734
-3940
-2996
9429
1113
8165
-6647
-2965
1497
-2281
-5235
-5129
8310
7834
-9975
5267
-7217
-5782
9957
8837
-1670
8338
-2207
3737
1096
-2215
3033
7584
-2942
-1633
-2522
-9467
4479
-651
-7910
-6487
-66
8404
7121
-8906
9236
8928
6776
-8549
-7731
-9365
-3928
4487
-4418
2799
1564
5119
8716
-2150
-9191
9498
6406
-5105
-5401
2407
255
-6485
3583
6345
-8009
-4332
-1915
-7499
9286
-6290
-9758
-4321
4128
1108
7210
-3122
1753
7543
4407
-5614
-4788
6298
8207
2931
4980
-3174
-9324
5232
-6552
-5499
3850
-6356
394
-8357
-2762
-2894
2366
-3071
-9797
6015
-9000
3866
8132
-6897
1378
8942
-8734
183
-1264
-5961
2448
4991
-2594
-7702
5287
-9401
-6468
-2411
7247
-6747
-9286
7088
-7414
-944
9683
6241
-3797
-9429
6751
-2894
-4978
-7953
-1509
-985
-9566
-7046
670
-2365
-708
-3280
-9095
-7886
-4716
-5257
2863
-1921
9424
5184
3090
-3653
-6827
-4756
-3727
-827
-7908
-4101
437
-3901
-9576
8210
8156
6004
-842
-6545
7518
-2622
-8051
11
796
9687
277
-5476
6690
-3570
5683
-5728
-1984
677
5728
-9104
7269
1551
7749
-7930
2896
8568
-5867
3064
-1571
-6078
4774
541
-7130
-1163
5675
-8396
-9242
-9663
726
-9988
-6157
-1023
-317
-5616
6673
1038
-5201
7325
2154
-2195
-3439
1077
1130
9382
-3476
2904
-8403
3826
6335
1672
5127
-4021
-4484
6085
397
-4516
469
7224
6541
965
-8298
-1358
6761
-2231
7678
2102
532
-4347
7378
6234
4738
9151
1433
-2062
-2072
1825
1337
2674
2334
5337
3727
-8834
-8156
3009
4127
9321
401
-3918
722
-4044
3674
7841
3939
6223
2451
2362
-3604
4858
2572
1831
1883
4006
-5242
3563
-1541
-1887
8227
-7561
3581
1559
4766
-4439
-5970
-5231
5446
-8725
3986
7567
-2465
-9626
153
-2723
3823
9277
-1796
1017
4439
-6218
-9719
-5533
-9475
9089
5288
-999
3363
884
-7048
1714
-7830
3523
1151
-5077
-7937
-8481
6409
-9628
-6500
312
5647
-2249
-8926
-4543
-591
-4023
4800
-5041
3310
-2723
6210
-3982
-8874
-8847
-1480
-5396
5446
-6923
-2067
7642
5326
-8458
5701
-9324
-2705
5023
395
-6395
-6638
6137
-5293
9648
-6235
-695
-5876
-8376
7513
-6455
7879
9888
3197
-4769
-7695
-648
-8454
-1892
9487
-5595
8723
9902
-9789
5889
-5333
-6715
6207
9026
-3032
-9095
-888
7720
2102
6635
9497
-8200
-7809
-7483
978
8983
-1754
7817
-2763
-9780
-9067
-1607
-4603
2525
626
8658
6343
8341
8922
5237
7777
7457
9646
-1748
5138
-19
1489
2493
-2513
7485
-6661
8414
-2742
-238
1518
2504
-9741
-8416
1066
-261
-4431
-7751
1639
-5265
-7410
989
2470
-94
9607
9049
-1794
2474
-475
-8266
2778
-1094
5245
5947
3013
743
-2677
7139
6067
-765
1861
956
-9672
3763
6145
-722
5736
-9974
5743
-6836
-3505
2958
6757
-87
2036
-1432
-7945
-5007
2151
3434
2475
-6603
-2206
-9626
2848
-7308
5238
4320
-4187
3526
3379
-7137
5154
-1282
-6858
-4233
5827
4281
9717
9533
-3255
-9920
3048
213
-4147
6791
-6829
9766
-1306
-7733
2595
-4180
-9371
5260
-407
-9472
-4783
5910
9907
-2251
8138
-1664
-7805
-3166
-9542
5890
-8674
-7667
5144
1349
-6267
-46
3272
9746
8443
-4413
2056
8389
8173
-3799
-8568
-4644
9291
-7287
-9949
1239
6168
9173
-6446
4940
4360
-5967
7783
9293
8556
-7881
-6872
-6387
2894
1011
8273
6556
6603
-7072
-4364
-1378
7716
-1208
-3394
-8092
8922
9385
-3041
9462
9431
2761
-7284
1305
8942
7681
1612
7276
-2147
3257
304
-2794
-6680
9011
-5738
8753
4552
-8091
-6784
4264
-9813
8637
1721
5792
5207
-6835
6568
4560
8136
1321
-6553
8108
-956
4061
-9439
-8107
6580
-1168
-2787
-7624
-608
-276
5090
1637
-9895
1708
-7010
9871
-1210
-5876
815
2429
-2437
-2540
9256
8560
-8921
-1618
8164
5478
-2898
7868
-2329
-3646
-9922
2241
6658
6105
7514
-9672
3389
-6027
-5261
-7832
-3325
-232
-1340
9240
-9240
8952
-3230
2894
5898
2269
2425
-6763
3008
-2142
-4868
-3629
-8926
9810
1998
145
-857
-5006
9777
-2847
-6866
4833
-5138
3726
6082
-1620
7947
4870
3025
8977
-9628
-4893
6254
-9441
-257
6753
8511
1025
-9659
6488
7195
2761
-9230
1091
-2493
-9089
5713
-5268
3534
4142
-4511
-5870
-6909
-9514
2128
2327
-429
1108
-7456
-1483
-4718
9625
5482
-3655
9237
-3766
-9889
9628
-2686
1591
-1577
-9473
3880
4627
-9192
-572
6439
-3202
6622
-121
-7107
7458
67
8321
5570
9900
1280
9114
2681
9071
1475
-9186
6039
-728
1377
7402
7509
-1035
3319
9402
-8205
-5125
4739
-7600
-8563
-3702
9158
1036
1361
3973
-5716
1873
6668
1195
-4400
9291
34
9927
-4808
-1177
-9196
-7903
8645
2700
-387
2602
407
8308
-3487
3574
7909
-6144
4825
3069
-9641
6576
-9054
6748
-1630
3067
3166
803
2710
-695
-94
5497
4288
-1621
-6469
-677
-3747
5902
-1192
-3854
-3625
8148
-8486
7295
4641
1156
-5566
-5294
1511
-3309
-1256
-9520
-5583
5387
-5052
-453
-4780
-8613
286
-5145
4592
-3532
-5249
8906
4149
-169
-9880
933
-2059
2407
-7669
9609
3788
2424
-8844
7855
-4994
-780
-7359
7060
6037
8394
-1201
6239
5078
-4542
4677
7487
-59
5407
-2044
2427
857
6342
-3616
1391
8810
3058
738
8511
-6348
5763
309
-3074
9973
7771
7271
-3872
-9694
-5543
1280
4424
5098
-1951
5450
7348
5150
4248
825
-5129
-6583
-4439
-1255
-1775
-4933
6917
7303
-9551
-2128
3854
-1849
3806
3966
-9129
-7711
-5207
-5766
9281
5626
-9919
-7448
-7406
1254
-5277
5610
1429
-7082
35
8157
-5817
-6479
4792
-2286
5366
-578
-6319
5626
-9002
-27
-890
1078
4470
6222
-2468
4594
-5569
3628
-2265
-6633
7272
-6989
2039
5534
1201
9477
2573
-53
4825
-5216
5701
1002
-9339
1224
7333
-116
-5956
728
6933
-8050
6470
8114
1546
-381
-3295
7388
7781
-2087
4159
2556
7068
-1162
-42
3552
-3623
-2365
-3506
7339
-4684
-9060
-2310
9387
-1300
-6805
7026
-8740
3988
-4539
1259
790
5053
-479
-9596
-4854
4090
-8683
-8918
-977
3929
-8692
-3468
-2744
-277
9202
2642
7106
9093
2530
8777
4836
4908
3023
2142
1821
-5788
-1888
-9349
-9463
-6374
2133
521
-3467
-1232
9441
4440
6777
-4119
8629
6214
-2323
4755
9915
2836
5880
-531
1117
-8780
-9468
2217
-1445
-6379
-2222
-3836
-1001
8206
-4885
-5799
2840
-2149
5025
7246
-4506
-1635
-2450
-840
2726
-2659
-1935
-1916
3254
-5415
9104
1012
-7802
-5146
-7239
9488
6800
-8271
8978
2286
-3431
-5653
-9993
-5453
-5237
357
-3065
5893
-3394
1990
4932
-8889
7876
1268
2155
731
5156
-3280
1098
-3608
8628
-296
-4638
1555
3855
9583
-472
6593
9753
-401
-6924
7979
-621
4138
2220
-5604
5343
8061
8247
-4849
-1648
6575
-3991
8156
6752
-9994
3228
8187
-6133
-2122
5695
-98
-556
6799
-3025
-1422
-7493
8429
-9493
-6529
-9457
7636
-7326
5975
1677
-808
-6487
9384
5395
-8868
2731
20
-7948
7759
-7420
7525
9646
-5356
1521
-2502
9292
-455
9753
-1340
-574
4821
-622
-8415
4594
-5445
-1784
8895
8126
9451
8712
1521
-2093
-262
-8597
245
-5552
3091
-6626
1789
-2003
3606
2647
-6123
328
-8227
-5051
-9432
7191
9465
-7100
-9559
457
-3794
-6316
2153
1962
-2714
-583
-5335
-5382
9517
-4985
-9364
-5673
3069
3300
1068
5628
5685
3108
-4142
6583
-9529
6742
-7408
-2609
7744
-7321
-8735
-2146
8106
4744
-7943
2832
435
3235
-8524
-5482
-4411
-4626
6128
2157
-6739
-8053
5199
4366
-3190
5689
-2042
-9034
-798
6456
-5110
-4994
8037
-5525
-3027
-4118
-5374
-9870
-2622
-2281
859
6997
2804
-2553
407
-19
-8977
-2794
1497
-4073
-3234
-9068
-3102
-181
5877
1667
-3890
-4823
-7656
-6580
-5482
6633
-487
-2579
3223
1672
-1585
-6227
6054
-2148
-990
3741
-4851
8200
4682
-1401
-1409
-8365
2349
-7574
-4888
-5352
3946
-7569
6203
1439
-9905
3588
1844
3894
7335
-3698
-9110
1508
-9543
8490
1450
-3158
1552
5521
1364
4523
4153
-2702
-5503
4914
3984
-3120
9389
9929
-4230
2883
6114
6628
-1416
-8261
7911
-369
-1652
-1996
1997
-2378
-2738
-5137
-7839
8011
1353
6569
4571
818
-570
1972
-7379
3770
-7307
7032
3773
5879
-2194
9705
1318
4232
-2268
-3690
5405
9199
-9316
-9309
3240
7284
919
-2323
2089
-2733
3110
-2554
6737
9844
5490
-6817
-9995
7489
-4309
-773
-6950
8198
-7081
8794
-7654
-6249
-2188
-3984
-4432
4051
-5814
-6078
-1535
4492
-3657
7204
9961
-5132
1065
2260
8364
4895
-3406
5869
-9304
-7885
5770
6570
-3297
7026
-125
2202
-42
4557
68
9149
9710
-1502
3647
6140
-2071
3866
-4493
3676
-8102
7701
-4389
-3370
1264
-8651
6118
-1775
3319
1085
-7254
9360
5593
-8463
3440
8304
443
-9106
8936
1813
5081
2206
-2058
-6170
-9207
7140
3957
-897
5817
6330
-8289
-3977
5911
-3858
1447
-2307
-3124
8505
-2141
-1429
4836
9997
5455
-9884
7641
-1528
-4020
-7520
7179
3487
8331
-6333
-2942
6591
-2272
-4564
1447
5679
-6091
-8248
2960
184
-5731
-8172
-6922
-7117
7077
-9256
2241
-9296
-4221
5530
1817
3051
123
-504
6177
3470
1174
-8429
-6995
2306
6419
3527
5812
7366
-7959
-8779
2104
4638
5408
-5624
-8423
8950
-410
-247
2959
-7308
-2622
8761
9731
-1063
-369
-400
144
657
8009
8751
-8504
-1413
1384
-9316
3719
7222
4174
1223
4580
-1262
-4950
-7069
-5917
-9518
1574
3695
-5975
4742
-312
-3592
9290
-8707
5523
2006
1503
-267
7288
4392
-1657
9209
6358
-7700
-4992
320
9458
-5318
1199
-7825
-1741
-2278
-5449
7018
-380
3398
-8631
5844
-4897
5755
1588
6978
-4760
-9973
6483
1365
-4209
1294
2929
-5999
2659
-6685
-8748
-6274
-5739
-9643
7891
-7474
-7939
-4653
952
9237
6506
-6246
-5839
4665
2427
-560
-8475
425
1796
2216
-4792
4374
6102
-3677
-1256
-2560
948
8177
-2207
2433
-3535
-5595
2662
457
368
4007
-4473
7162
-1084
-947
364
-467
3168
-7571
5204
-852
5545
7436
-1367
-6073
-1408
1769
707
8379
1663
-9634
-5319
2087
797
-268
-8726
6665
-4668
-6219
3556
-7935
-9981
-6899
2525
-7256
8369
-5031
9502
4779
-6043
-2938
-6675
5387
4137
-7308
-9815
7761
7613
4645
-6170
9049
-5247
1268
5689
2142
6685
1445
2316
200
9088
8369
9025
3206
8296
-3142
7872
-9044
-7765
2770
-2094
149
-4425
5166
9797
7865
5764
2944
-5288
5700
4680
5732
-4733
3244
-359
-7459
-6577
4331
91
-6178
9084
-196
2306
8795
-6617
9560
6767
3471
-5257
-3062
5502
-7450
3094
-4886
8694
3522
6579
5068
7721
-4118
2456
-7436
765
-9674
9711
-8232
7217
-2910
1630
1722
-1481
-7403
-5316
-1888
-5719
6114
-3983
7618
-9350
-8058
3976
-1486
-2607
-2894
-4289
-4470
2375
4763
7682
-3048
-1734
-1949
2960
7415
537
6370
-247
7315
-4274
3173
-803
5053
-4922
-7418
3235
9262
-2340
8435
9223
-4465
-99
-3404
6636
4810
-9838
6213
-3048
-1004
6657
-8972
2666
4547
2085
7073
1545
-2118
3132
-9004
2023
862
-6463
8235
-5674
7902
4503
816
9853
4588
9543
5455
901
6370
-32
4714
-7814
8941
6203
-4885
9388
116
3769
7266
4372
-91
6196
-3553
6963
-124
7136
2462
-5360
-6738
6971
-4262
-5163
6967
8485
7408
-6543
1946
623
6225
-5717
-6312
9984
9167
1255
-176
2719
9243
-6140
-6025
-4527
223
-7492
3813
9568
9177
7868
2706
-1478
3639
2952
-2704
-3505
6676
-9935
8824
-2546
-9568
8561
235
3056
-9855
-2446
9386
-4005
1139
444
4660
-824
-5667
295
-5923
4974
-8351
8074
-3934
-6535
-2765
5016
-7597
-2079
1599
6070
-1429
8590
-2664
-5151
-6696
-3523
-4292
6796
9321
2134
1047
3022
-1089
1907
7575
-1289
-233
-5522
-8446
-3721
-6535
7157
1482
6230
4557
5384
-909
5598
-478
-7510
-1557
597
7444
2676
2488
-5094
-850
-5114
-3757
4432
8756
1934
5419
-9482
-4131
-7965
776
2323
-8612
-7605
-185
-5204
544
2818
-8644
6761
9998
1113
983
7034
-7001
6145
6561
1133
-8253
4681
1193
-4804
6574
4150
-5064
-8519
-4224
4866
995
-8849
-2391
9677
-9146
241
736
-7361
-8813
-3413
-4387
9848
7807
1158
9256
1772
670
-6845
-8309
-4953
7111
-8315
-3879
-2566
2167
-4379
605
8701
-5680
6294
9957
5611
-9950
-3828
-9862
-4930
3953
8403
-2670
5306
-3017
-5274
2243
2909
-6813
3745
-5787
-1906
-7519
-2834
-8082
3505
-9559
-5575
-3158
6828
-8434
-1290
-5202
-6757
3876
9665
723
8145
1220
914
-3993
-8501
-3340
2051
-5881
6910
-2149
5924
365
9340
-3451
7889
2479
-2638
-8117
4300
6017
-6824
5855
-1454
-2070
-447
3654
-605
8536
-4928
5900
1658
-2664
-1270
-9312
-2912
-4754
8802
6334
3363
8321
-5963
-5557
-7075
8103
8112
9633
-4659
707
521
-3622
-706
8794
-4646
6836
4170
1194
-9650
-2366
-1221
-5502
-9210
1054
-4710
-2380
3348
-5816
3679
-3535
4772
-9218
6781
9250
-2328
-4548
8062
-2983
4579
-8928
6881
-7831
4261
-1665
-8599
-818
8397
-4895
-2696
-5451
7873
-2917
-3090
-9285
-8872
1669
9330
1469
6904
-5071
4919
1586
-384
-1167
-3870
3388
8308
7355
332
2930
-5861
1892
-4240
2813
-7198
1310
1424
5296
-7815
-5801
-7456
3045
6007
250
-9792
9012
600
1908
-9437
7003
-1178
7867
4673
-9004
1625
3294
-2492
-8359
1605
1183
-2285
8615
5073
-6184
-5570
-4832
1120
-9504
-4206
1553
-9691
8646
-5840
-1742
-2796
8775
8529
-3333
-5034
-4424
-944
-8285
-8335
-3349
-3849
8511
-420
3780
1693
4399
-4366
-2094
8048
4871
9360
2277
1768
1513
8668
-1962
-4189
5955
9457
2054
-8164
672
4742
-6133
-9803
2104
1527
-3401
2460
-3042
-1748
5557
5370
620
8941
-370
4777
-5477
-8763
2043
-6609
-5865
3752
-1503
-2924
-5808
-5606
4205
-3965
-5032
1
1730
-1106
3838
1480
3221
8046
66
-8978
6902
-7723
-3599
-3446
-2925
-5744
-7613
4229
-3556
9367
-3780
-6405
5915
-3020
5807
-9414
-231
-6395
-8370
1362
9676
-2777
-6816
-2791
-1337
5320
-3069
6423
-1512
8886
7236
8201
-466
-2597
-2898
-3053
1899
-2051
8722
5609
2182
7986
-7255
5959
-6329
4193
-4371
-9855
-9282
3782
-5735
-6411
1022
7865
2171
-8291
7451
3224
-1340
-8223
5900
-8607
1486
7304
-4234
2095
4779
-8477
6194
-3529
-7507
-8449
-3206
-2873
-4128
-2333
-1680
-7247
962
-9325
8506
3280
3012
-5108
1563
-5524
-8295
-6006
-9139
1652
-7808
-7499
-6613
822
-3055
-692
6318
-4725
-8145
-2934
-1491
-2026
-3551
-8535
-5479
-2921
-669
-9629
-114
-785
6051
4557
-8624
9816
-5349
3660
-4779
-3383
-8390
-2164
-5306
8332
-6368
-9054
-2556
-6768
885
-5719
5136
-2552
5431
-1593
9447
-9906
-4469
-8657
3343
-2013
8625
-2562
5187
-461
7026
7341
-6009
-397
4328
-5582
6842
352
-4806
2114
5812
-5396
7632
-1340
2893
-4279
-7973
2383
2361
4111
-4285
264
-5280
-3903
976
-5597
-5165
-2546
-8739
-5243
4889
-3087
5523
-6740
3769
-1588
5158
-2222
-7640
-311
-414
-6320
1222
5603
8090
7747
-4364
-5928
-3660
-1765
-9852
-9393
-7065
-6623
7031
-1083
-3362
1959
-6390
-8332
5369
-8098
5012
9027
-8501
4943
-3986
-5121
9582
-2861
2683
-2384
942
7402
-3073
6772
4273
3504
7907
-8056
-6776
-8943
7026
-8892
5368
-701
9563
-4999
9487
7581
-4080
-3452
-5680
6611
3192
-3388
-2400
-9835
-5342
-7450
8876
2512
-6166
-2293
7861
7095
-6206
-7193
-1505
-7925
-2601
3358
6960
-1124
1575
-7938
-2413
8558
1791
3921
9824
9718
-6599
-9199
-5534
2492
7013
4578
-9692
2652
-123
1111
-446
9590
-9650
8905
7716
3212
-3566
-4131
-7035
8652
-7216
7170
-2068
8194
2528
-5118
-5688
4850
-7746
-8295
-180
-533
-985
-6492
-6806
9750
2409
8239
275
3918
-6628
6893
7676
2460
8649
-2548
795
-8723
-4121
1346
-3110
-3362
-7781
-7082
-1424
-6864
8259
-8257
-3055
86
-5238
-71
-5060
-8872
6454
8030
173
-1227
9334
3302
4867
-333
5222
-4886
-8206
-5505
7185
-5373
-9884
-839
6595
4219
4855
-5151
5877
6187
-5624
1044
2436
-2447
6684
-8313
-1582
-1689
8197
5152
-7850
-2261
-9475
-5581
-2436
-6718
-7597
1775
195
657
-5482
-9931
550
5656
-5503
2167
-61
5675
700
-6599
9668
-6061
7367
-8215
284
4936
-8429
-6655
-9046
-2969
4094
-8273
9502
5700
8664
-9924
-1349
-3847
6969
2721
-3588
3134
4595
-8179
4665
-2883
-3127
-4697
2404
-7136
8595
7525
-8584
-526
-7022
757
-2067
-257
3557
2469
1956
-9061
-4253
-942
-4173
3188
-4168
-844
2745
6412
-6182
-5111
-8293
-6901
-6806
-5212
-8935
-9314
-7829
-1593
-3415
7066
8152
8544
911
7753
-1785
9159
-749
1205
9260
2890
543
-9243
7657
5120
-174
-6722
-2725
4182
273
-5857
7789
1155
6684
-5718
-677
-6572
1938
80
7359
-9399
-5550
-7599
-5276
7815
-3720
-9029
-6495
4587
2244
-54
-9265
5062
-6430
2835
7710
-8867
-5239
-5204
-4565
1857
6248
1148
-1246
-9812
971
-6556
-4641
1167
-4588
-3987
1255
-3167
-9513
9149
-1754
-6450
-4472
-4188
-1155
-4763
2281
-7681
-4474
5317
5366
9247
9331
6681
-8986
-645
-7740
-419
2553
-2863
5400
-2676
-7569
5154
4899
2821
9315
-9773
-2324
-8959
-6843
-738
5715
-2067
4450
-6785
-2709
2537
1060
6431
-2505
4717
-9395
-6324
-1102
7022
-8327
8057
5316
9780
433
5404
-6781
8277
-197
1021
-7957
9156
873
-4629
-7963
6758
-3266
-7375
-9447
3328
-2875
5984
5670
-3463
6550
8954
2778
-6353
-4524
-303
-1281
-8746
381
4861
-6811
6610
7437
6663
5722
-319
6816
-7716
1125
4383
1004
-2399
3256
4201
554
-6987
9972
-2971
7958
-3164
-8608
-9375
1090
-4389
3003
-7804
1096
2793
6761
-1938
999
-5238
9814
6833
-9757
-1151
1126
2672
5185
-3720
-5809
763
-5621
9790
1992
-1360
-849
-3114
-5865
-9969
2747
-6792
-3663
2119
5750
4127
-2313
6130
4933
-8344
-8072
8912
-4536
-6422
-2837
-9800
-117
6078
-3306
-1254
7957
-7187
-4268
-4689
9961
-2800
-9455
-4916
-1676
-8543
-5172
-7463
1439
-564
-9392
4123
-575
-7417
-661
5063
-5543
4315
-2512
5476
-4467
2939
-8005
-4064
54
1932
3768
9148
-8215
-6340
9310
1550
-8748
-817
-2346
4768
6478
7866
1030
8127
2936
7092
50
-3147
-7699
-9419
-6858
2531
-2388
-392
-2521
-3623
-2246
7943
-9434
6127
6493
5982
9815
3759
3061
-614
2187
-676
9478
-1877
-6725
3348
1549
4268
-3167
-7018
-7247
5703
-2711
-2571
2978
-4741
1845
-5317
-8953
-1029
-9583
-5673
-9927
-5751
1510
-3483
-428
-3432
-2574
-7662
-1859
-1642
9227
-8823
-7892
-5759
-5735
-7800
387
-304
-5946
-55
9009
1025
-5414
2404
9344
-729
-5410
2693
6160
-3921
-4212
-61
-1593
5014
7613
1171
-4544
-8205
3183
1706
9203
-837
-6706
-3516
-5092
1533
-5628
-3
-2916
8359
-6767
-8907
-8631
-8936
-6136
-8956
4590
-3400
-703
-4966
3131
8884
697
7425
7036
-3204
477
-9146
-1120
9896
7792
7613
2573
9631
3161
-2831
2804
3773
-7790
-2075
-3214
7901
4343
3126
9242
-2538
4821
6662
-8488
-4800
-6033
-4692
2511
-7295
644
5147
-2371
-8943
-3455
-9872
9319
4702
-9094
7729
-9065
6551
-7659
5341
9629
-6099
2301
-140
1428
-580
-8691
-2447
1574
-4654
-1753
6054
-2143
8377
-1286
-3129
-1872
-3389
6311
2282
-7645
-7090
-9350
1646
-6694
-8611
-8150
-7685
7155
-9218
2486
-2269
174
6333
-9936
-1996
-338
-3013
5277
-2691
-6593
-228
9311
2891
-8922
-3831
7233
-2973
3715
8246
-9183
4427
9684
-914
-5347
-3798
-2466
-2475
2397
-8382
-1089
-6062
9527
5268
1155
1229
9944
-729
1250
-5517
-2892
3685
-4732
-2099
5047
-7964
-8966
-5951
-8192
6024
-349
7242
6966
-9925
2215
-8409
-7521
-7597
8749
-953
-1745
-4567
-558
-6416
-7614
-4249
3446
2933
-1019
-3040
1153
-7528
-483
-1871
-3918
-5074
-2070
8574
9459
1603
8113
1710
4355
-1013
4697
-9250
5852
-1877
-2930
4526
-5254
-9745
3130
758
2547
-3881
4142
-5254
-1440
-1637
-7802
9103
8752
-5648
-2899
1517
1290
-4473
7816
-4315
4610
9379
-7650
5589
1702
1192
6641
9276
4906
-9319
-3762
-9992
399
1618
2609
-4454
-1455
-824
2657
4046
-5613
-9110
-9069
-3676
8829
2569
-2888
-9432
358
-8667
8127
9672
894
-222
-630
-6323
-5139
-976
-5289
-7078
-626
28
5344
-9443
-4360
3657
-6099
-4892
8800
-8249
-7434
79
648
-1537
-6890
2318
-764
7899
-2886
5
8972
-3550
5926
5888
-3057
-3509
-9666
-3043
-7007
8283
590
7542
5850
8077
-7494
-8184
9383
-9024
5629
5891
-7869
9563
618
-8592
-4332
-283
-2074
7998
4241
-1667
782
-6812
-9381
-4151
2968
9220
-4928
-8950
1582
-1806
-8790
8776
4421
-3735
-6035
-4191
2502
-8672
-2718
-9691
-9588
7210
4664
3138
-9538
7364
-4574
2383
213
-147
3004
-6444
-5933
-1203
-6493
-6992
1859
-2669
-4823
231
9440
-3645
1417
1586
-9596
-5632
-3106
7378
7982
1570
-8955
-6382
-1753
8891
9392
6289
3513
3334
8430
-1953
-4357
6441
5500
5215
-7767
22
-3413
-355
3095
7115
-8681
-8384
-6088
6006
8891
-8621
-6141
-7309
6702
1620
4366
-7399
-8101
2234
2592
1568
6185
8779
2262
8160
6468
-852
-9602
953
-8370
-6677
8196
8494
-8744
-5070
-2798
-1065
6486
5408
-3945
-6511
2097
1216
9328
8820
6702
-1536
4826
2319
-293
-1035
-6219
8046
8248
7936
6021
9987
-5006
-3786
6699
216
7385
8637
6238
7148
8846
8583
4570
6559
3103
3910
-3729
2203
5282
338
-2494
-8877
7465
-1453
6283
-9958
7946
-9010
-2393
823
7069
-4256
-1548
8933
-6385
2727
112
6560
8773
6098
-5249
1514
1977
-4001
7383
-5300
-2220
-6512
5736
-2933
-3599
4542
1589
-4594
-6521
-9608
-9642
-5864
-1091
4391
7498
-7091
5891
3672
4917
6634
9167
6395
3960
-3934
-883
1622
-7436
-4246
6860
1617
-3174
-4322
7988
1742
-2731
4519
3810
-2039
-8865
9518
-8322
-1145
2724
5020
6537
806
4879
-5943
5227
370
-5597
8589
9635
8581
-4748
8833
-6283
-435
7815
6741
4862
-8757
4394
7702
5329
-3961
-5032
232
1840
989
4866
-3870
8768
-1514
-7801
-7412
-4050
338
-468
417
-2757
-2391
-8639
-2582
4450
-920
9341
-4055
3872
2597
983
4063
-7516
-5266
-172
2941
-2319
8754
-889
1018
9862
3909
8087
3349
707
-5174
9341
7827
7596
-7610
-9102
2451
1732
9953
-4738
-6178
6974
5462
5454
8130
3417
-9482
-8772
-6646
4368
5433
-979
877
872
-1155
7285
-6433
-5424
8228
9727
5694
-7901
976
8274
-1464
3106
-663
3125
-6187
-68
62
-6853
-1007
9006
-7363
-4791
-3083
-7957
99
-1254
9584
-7338
-8023
6246
-7440
-4254
-7305
-9171
4459
-6672
-2774
8158
980
-924
2875
6103
4011
-3458
-7637
-6133
7893
-7299
-481
2073
-7391
5641
3363
-8269
-5375
-9810
-752
9256
-5771
6675
-3606
2591
6867
3424
1231
1952
4441
-7236
740
-3933
7225
-4293
-4543
-4543
4593
-4741
2130
5100
2068
7974
1115
-5474
-5683
7383
-9019
-8165
5294
-2397
2120
2767
-4578
4697
5873
-2793
3671
-8417
1388
-263
5630
7203
-8742
-4503
