4498
6103
7169
1563
806
2913
-5708
-9784
856
-1341
-5320
-7000
-2728
-2735
-1706
1785
-9868
-9239
-779
6688
6925
-8707
-8528
3683
-972
-1256
-7634
-3746
4800
6124
256
-1714
-8576
4106
3861
-4573
-4492
7605
-3170
1246
6421
-2303
9364
4776
-3142
2003
-7925
-2335
-9210
3257
-415
-1954
5483
-7845
-4850
4466
5720
6813
8295
6309
-8762
7141
-2210
6104
-7390
553
3228
5512
9415
5194
9962
-2015
2024
-984
6825
-9823
-6686
-9536
7222
-8402
2899
-204
-2987
6402
-2304
-1074
6731
-479
-9489
42
-1772
-9838
-8799
5804
869
-4433
-6466
6160
6008
-4988
9777
-5804
-10000
-4725
-2390
-3220
2854
8714
-9490
-292
2220
2799
-7722
8298
6738
1494
6881
4493
6587
-8228
-8354
-6929
-3229
-1010
-6882
5920
-5901
7882
-9440
-8638
5874
-6544
-309
5956
-1036
-1248
9924
5734
6000
-1412
-4263
-5887
5391
-6115
-6563
-1063
-362
-9143
1190
4914
6483
1118
-1431
-5528
-9137
-8297
7272
2888
8294
3643
6390
5140
9935
-1484
847
-8621
4258
-4762
7980
7486
5387
-7809
2271
7654
1579
-3233
6912
-1725
-3267
-252
-1159
-7141
-7705
-5588
-8177
8159
6179
-6148
-5075
-7818
6661
2648
2495
7780
-8143
303
7961
-8835
9080
-7529
2599
2399
-7584
3868
-7932
5861
2897
7637
1319
348
0
-3298
-7259
-3939
-6360
3249
-9454
-7316
2726
9048
-8636
6366
-3695
6765
182
-934
-5462
-4852
-9346
-1913
3869
8958
-3368
9817
1090
7642
-637
7688
-4473
-6907
6533
-5563
-8796
-8552
-8268
-9285
704
5010
-5091
-3351
9595
-4609
-5797
-8303
7140
9099
-499
-5871
-1965
8201
-2552
7367
4337
3319
-6482
2491
1373
-2332
6967
4301
-4830
-7211
9886
-7106
834
-6211
-5306
7030
-7409
-4750
9821
5082
2592
-6531
7827
3290
1782
4252
7734
2236
-4419
-7141
5134
-4225
-7250
-148
-7304
-7961
-9296
-6586
-4462
1057
-358
-2801
-5329
9936
5342
342
832
-8886
-3208
-1558
-4041
-5538
2424
-2152
1490
-8013
7439
7539
478
7050
3871
3792
4605
-1515
2588
-5322
-9018
8989
371
-2868
-3110
-5962
9502
16
5856
-2096
8667
-8325
-1378
3579
-2206
-5557
-7513
5214
-6801
2354
4811
-4135
-9826
-7471
2641
-9948
8714
-1846
2735
1628
8018
5984
-3912
-3310
-3647
688
-5340
-3069
2250
-4840
-9963
2081
-9335
8012
-8700
3931
-6226
-3408
-2374
6116
5032
6239
-1820
-1092
3965
-6823
2785
9786
-5189
4285
1881
2915
-3432
9924
-9941
-4626
-3398
-7287
-852
-5305
4294
7661
-7466
-4203
944
-6787
8098
-7213
-4405
985
-7734
9063
-3470
9344
-3552
3213
-9346
8851
-8114
-5077
-274
-1398
-4446
-9004
4952
3186
-3741
-5767
6152
67
-214
2556
-2945
-2114
-6513
1709
-2158
200
-8076
1943
6460
523
-8289
8818
6294
7810
5259
-5869
4225
-9001
-7404
-9586
7222
2301
7463
239
7360
-8675
-2263
6859
-5286
1856
3245
4321
4034
-3630
8269
-6733
-9312
-3989
8358
-2408
5304
-1627
6369
6053
8178
-6129
-5338
-518
1948
3042
-4337
-1012
6979
-8457
-7265
-787
-309
2776
-9208
4849
7260
7757
2925
82
-6446
-3709
-1393
-479
-3204
-9632
427
-8404
-4275
7187
6920
-6210
-3313
-5265
-6082
-5157
-3551
6503
-8572
-7342
-4501
5785
8954
-2792
609
3579
-1904
6183
-7907
-3349
-7691
-6784
-680
-3462
4380
-9586
6861
2971
-3965
-896
1802
5320
-1134
-8776
-4992
475
9343
-5016
-850
450
-992
-8254
4092
-1291
94
6651
-9924
-9884
7757
4203
-3401
-4218
4047
-5565
-9154
-2621
4262
589
-8597
6141
-336
8757
4415
-4071
6706
-2937
-4974
-4896
-7264
-5564
3409
1581
2193
-7043
-4471
-9356
-8836
-1151
3849
5218
6365
3422
9812
8281
-7566
-8195
-8898
2061
9576
-9400
2120
-921
-6646
858
-330
8657
8726
5643
4727
-3755
1102
-4028
414
7400
-3692
4502
6189
-7466
-8747
3145
-7549
440
5226
6892
-3107
6091
-2042
24
-7315
-1909
9845
5623
5227
55
-9494
5195
8915
7009
-9608
-8749
-8276
7367
-1261
-5670
-3267
-6874
-7974
3619
3467
-4907
-7010
-1458
-4963
4907
-1452
-7293
-2764
-5421
9418
1125
-8465
169
4825
-7041
-9163
-5126
-8692
-4121
1017
8147
9435
2654
-7684
-2930
-3391
-8413
678
-5954
3266
1557
7964
9529
1488
-9254
-9556
7896
4457
943
946
-7477
-2714
-3141
-4964
8441
-3029
423
5676
3858
-3701
-6957
-8020
-1993
7419
2012
7553
4447
-5465
7936
6379
-1485
8153
4445
7636
3691
-6180
4253
-8601
5470
4881
-6931
-4531
870
-7451
-4613
-8699
4545
-734
2166
-4517
2168
5774
9432
1498
3096
7096
1850
-2477
9081
2164
8237
6380
6534
-5369
-7612
-1229
-3421
3360
6386
4729
4362
2635
-5373
4781
8739
7592
3015
5433
4324
-7245
2901
-4823
329
-9838
7792
-5808
4847
2174
-9385
-3463
573
8195
-2024
-5164
53
3281
-420
6967
-3418
242
865
7852
-5346
309
1444
-8719
8644
-9665
4322
3442
-3397
8484
-6855
-9740
215
3237
-5711
753
-8105
-1519
-7943
3195
5707
3479
-7142
3418
-313
706
1433
-7704
-6392
4427
3213
5717
9051
-4589
-5615
8054
-7922
2105
-9523
-4684
-2869
-181
-4924
-9184
8848
9550
-5238
222
5085
-9095
-1493
3752
-2600
-8213
7438
3029
-2869
-8633
5402
-268
168
2511
-1858
1582
-6995
-7949
-1477
8160
9605
-7825
7758
1364
6747
-1285
-4767
-3296
-3776
-3651
8003
9857
8350
7037
-5869
-2965
6735
8031
-9178
-6590
1057
-1980
-9010
49
-8709
4152
-2336
4091
8181
1549
-2698
-3625
-8936
-5058
-4839
-8553
5444
-3640
9535
6120
5046
-7279
7597
-3993
-5023
3715
-4136
-4517
-8070
3698
-7051
6240
5869
-2230
1454
-3642
-9838
5254
5457
3124
2136
-5894
7392
-2250
-6900
8940
-8312
-6804
-5876
3461
-5501
-8929
-1070
-3626
3479
-2629
9670
7542
-215
-1459
3610
-8268
-8512
1225
2746
4657
-7915
-5690
-1680
-5243
1523
6758
-532
8058
-9451
2418
-9818
7828
387
6358
8809
6203
-2025
-3309
4060
-4691
-806
-9136
-466
-8024
1118
-8283
5543
-524
-3877
5034
-3939
-6346
6816
-5777
8111
3401
-4014
9148
7368
-6276
7770
2033
-8603
755
-8222
-1963
1332
-4979
3820
-4462
-7520
-3183
-3415
5177
8184
-3264
1580
4587
-6655
-5698
-7065
1233
9481
-2223
-6317
7977
-7016
8081
2018
6625
-5160
1803
2925
5024
3460
-9603
838
6713
7900
5929
3171
-913
-8629
-3414
-2780
4317
2986
3259
-568
2117
-5457
1953
-7070
-9028
1062
-480
1339
-7644
-7561
4736
-9761
7314
-6426
7169
-613
112
-7880
3887
-5829
2459
4472
-7327
5833
2154
-2137
-2046
-4784
-2898
7705
2578
4279
9713
-7819
9583
9094
-3017
8106
-3313
8982
5485
6049
-9490
7661
2363
-6238
-9372
66
-586
3797
-3440
-9096
8016
6175
2008
-2065
2533
9660
-1118
6023
-1296
-8798
5230
5137
7255
-5065
-596
2194
-5330
-7983
2855
-3360
-7181
5686
8736
-9250
-9156
5642
-1578
-3124
-4130
-1033
3340
7108
0
-8213
-319
-146
-2677
2690
9587
9644
2544
-5100
-3894
4629
-8505
-3591
4016
-7884
-3064
-3201
1222
3758
6486
8471
4448
7609
8622
-718
1380
3893
-7279
-2881
5949
-3427
112
3883
753
-9019
6018
-3817
8761
-55
2331
-7793
5520
-4137
-6671
4189
-8101
-6249
1399
-3844
-6936
-7922
-7340
-7564
4387
5004
7216
2749
4629
7910
6124
-6482
8000
-7126
739
9152
-5146
-7909
687
5578
-4890
-8844
-4200
-8623
-8874
5924
-5849
-4611
-6809
-4955
-3511
9358
6529
1731
-1675
2198
5778
-4842
2327
-6667
7346
2484
-9038
-9662
7813
1158
-20
-6396
6785
7729
-4899
3534
6016
-1206
-9673
5881
-2066
6123
-1550
4342
-3999
-3534
-3142
-5463
4057
-9646
-4915
-8433
7040
9336
1666
-9252
-2143
3518
-4233
1215
2451
4933
4816
-1164
4351
6148
2432
495
5779
-2747
8624
7796
3268
2405
9637
6118
-5636
-7723
-6342
3555
-546
-1897
3760
-8661
8249
6516
-5819
-7427
2414
4600
6235
-4769
7248
-1672
9588
-8326
-8635
-3292
-6408
-6931
-510
-8912
9620
2571
-2076
-3586
4554
-8246
6610
-8563
-4643
610
-661
6334
5879
294
2180
-4506
2780
-5267
-6916
-9508
-2226
-9071
3860
-4684
-9667
9714
-8205
-5902
-8219
6362
-769
-9304
-975
-4590
7847
-1123
2962
5762
-6732
9163
-7530
1325
-1932
7411
-8527
-3685
-3192
2631
8961
1183
-9979
-1789
-842
5327
-2096
-5850
-1306
3305
3339
6615
-479
9662
-2263
-6524
-9252
1384
8999
5850
-4980
-2982
8123
4240
-4575
-21
-223
-8128
4441
7929
9670
-5910
2346
-9388
5629
-2960
2326
-4789
1360
-3695
-4446
2734
-7351
-186
-5381
1613
603
2414
-5423
8762
91
3752
2323
5655
-1465
-441
9359
-6958
-6849
7950
386
-4887
5386
-579
6012
-6706
-7296
-7685
2963
7691
9208
2573
7545
1279
-3808
2712
-7601
-202
-6141
4714
4221
-2309
4560
-4620
-4736
-6245
993
319
-4513
4387
6919
-2429
-8774
958
3968
3677
-1691
9839
-8239
6196
-9522
-5340
9775
-1021
-2448
-7142
-1252
-9584
-4675
-9661
-9829
7473
-8200
-784
9912
7092
-3324
5937
4796
2652
-7170
-3264
-1092
7647
3082
-5844
2665
-9697
-1254
-6524
-7168
2855
8436
6716
1316
8752
-798
-1183
-9813
3164
8889
8995
-3784
-1121
9065
-3989
998
-2337
1441
-2388
-5046
-9369
-7845
-1900
-5214
2289
-9676
9951
1282
-4830
-8560
9408
-7225
3213
9641
6869
1984
-3969
-7860
6049
-58
308
-3120
3155
-8333
-5323
6181
-6549
8290
-1656
9785
-3171
-2391
-7943
-6418
-3615
9549
9152
-4383
-1105
7562
-1061
3676
1262
2581
-6530
-3731
9241
9152
-3841
-1847
5237
9433
-9130
-2804
-5033
-1206
-6706
5406
-2645
-6730
3798
-393
-6042
-2005
1396
1459
3082
3974
-740
-2435
-6780
-8012
-1899
8261
3880
4794
5285
3625
-5490
4415
2379
-9972
-3612
-9505
-37
-724
-1930
-913
9997
-3045
1070
3765
-305
5181
4550
-6517
-3763
9147
-8743
-917
8476
-2145
6095
-6374
-8270
-1097
-5645
3560
8143
9029
-7151
-2153
-4755
-7075
781
-7442
4188
-4310
-7311
423
-4622
-8612
-4724
4807
5769
1366
-1293
-8113
8818
6070
-413
8352
9368
-8030
-3008
-2990
-7899
7465
1565
3158
6378
10
6686
-7088
9886
8615
9540
6370
-9313
-9510
-5984
-7216
449
-2675
-7980
-1521
1890
-9988
7010
-6830
-7407
-6593
2832
2418
-8428
4785
6998
-3270
3335
2059
-7546
7114
835
-9385
2179
-8363
6707
9358
-5266
510
-9145
1128
-1265
1662
3155
5863
-1875
-2240
9396
-1288
3636
1072
-2621
-3141
8355
-3395
-5541
9007
1064
4870
-908
4061
-5338
-3149
9436
-9843
6432
4702
-9771
3432
-8600
9597
-9931
-780
-2814
-9798
4431
-1998
-1703
-9383
-2868
950
2923
-2816
4837
-409
-6288
6703
6775
8861
-8712
-3963
-1121
-1531
-5930
71
5281
2822
480
-9247
97
-36
9459
-1714
-1351
5133
9560
255
-7696
3515
1243
4062
3904
-8638
4871
599
-2440
-9233
6672
-5955
374
3951
820
-4457
4082
7766
3610
1263
9386
4192
9146
2400
-4148
-9156
6054
487
-6590
4031
-4730
4938
-2533
263
9854
5923
4364
378
-5339
-7903
-7028
-6302
8257
9515
-7268
-1385
-4705
-7162
-1903
-3380
5830
9823
2786
-5984
6154
-4606
6874
3698
-6863
1886
4306
8991
-7288
3884
5141
-3970
1193
4790
-94
494
7850
-5286
-7466
7065
3368
-7686
-5655
763
4820
-2748
7655
2019
754
-3676
6200
-2367
36
-7887
464
-8098
-7847
-16
2562
6855
9840
192
6671
-4118
-9058
6913
1034
-1013
3375
8745
4275
6333
7071
-3540
-392
-4612
-253
3316
-4693
8174
-6492
-2922
-826
-2739
2262
1007
-1171
818
-5136
-6436
8795
8145
2485
-6658
7080
7656
-4737
-7342
5332
-8145
-8587
32
8725
-2023
-5927
-8044
3790
-3634
4863
-5892
3405
8078
-701
9263
6881
-1242
1539
1830
9519
-8188
767
5913
9205
5232
332
47
5094
9686
3217
774
2021
-6288
9827
-6503
7733
9379
4598
4466
9937
-112
-4407
5441
3134
-4743
-3039
-7519
6805
5844
-1703
5444
-455
-2039
-451
1260
-9450
-1012
-7716
9119
4288
4647
-1478
1014
-5034
-2341
-5509
-387
-4490
540
7798
20
-245
-3443
4343
-1947
8525
-3812
-244
-9903
-1806
7838
-615
7509
-4708
-1856
809
638
649
-1763
-5086
5261
187
9638
-4892
149
5529
4001
8556
3358
-9404
-6244
9650
2269
5925
-1810
2183
-6719
-9909
-4871
559
4835
9551
-8135
4090
-5528
8231
-5585
9871
809
-3688
-1574
3685
-7556
-3475
7361
-230
-5316
967
5533
-5446
-5183
-4603
-7247
-2824
-2084
8608
-1913
5480
9035
1867
7932
145
-1150
8505
-7813
2098
-5493
565
-6376
6191
-7142
-4025
-3461
-1658
2027
1862
-786
-5782
-2458
55
-5923
2797
3727
5273
-8490
-8170
6014
5871
-6495
-6379
-2737
-3497
1631
-1881
-3721
6892
5067
-6988
-3737
7966
8128
2527
7868
-9152
-2462
6710
9180
5837
287
-6901
9752
-2912
-5592
-2285
2860
9042
8834
120
4460
-6652
-5621
4705
2921
6958
5015
1771
-9206
2380
-8560
-2435
-6316
9499
250
-7531
-647
1836
8144
388
2909
-7894
-1226
-460
-7390
-9059
-5965
4749
9184
5194
2424
-1656
-4325
-453
-8470
744
1798
-3501
-4393
6486
-1696
7202
-88
-9922
2624
-277
8289
9951
-7096
-5078
-2719
6108
-1038
2401
3042
-5127
-6743
7900
7048
8160
5860
3178
4260
-1687
-9530
1326
4037
-1162
-2148
4404
-2412
-5437
-3460
-3083
8226
7579
-9161
-4423
4303
8898
4712
-2976
-843
-2269
8804
3029
-8779
-3503
8777
-8818
318
7720
4574
-1581
933
-5940
-7485
-3301
7500
-2953
3356
3128
4227
1708
2005
-1002
-1310
-5788
1837
-7506
-7720
4998
-2985
885
5394
5277
-7448
-1864
-819
7004
-3365
6743
8791
-3930
-4804
3222
-3779
423
-7057
7476
-7047
1848
-3903
9846
2897
1628
8454
7685
-9888
-9913
-2132
9870
-9435
-4970
-6940
6264
-1107
-8780
-4238
-9284
8227
-7476
-3538
-1554
-3192
-2658
-459
-9024
-3985
3051
2037
4936
136
-7988
5915
-4408
-9132
4153
-440
9932
4303
3255
-4687
-2965
556
-1671
643
3246
-1459
9556
5975
5540
9208
8277
-9072
7117
462
5194
5380
-9437
1898
-1943
-2358
-2056
-1912
7533
5851
2880
-9792
8995
-6207
8978
6968
-9326
9827
3374
4430
-7123
-5680
1595
3752
3099
7207
3312
-1443
-2225
486
-2951
7748
7339
69
-5785
-5140
9649
-6467
3045
-2392
6697
8500
-6496
1455
1944
5088
-1542
4013
8168
-6324
-610
5397
6290
-8205
-45
7057
-2455
-5945
-4783
983
-6990
-3845
-3012
71
3849
-2115
-5248
1230
-7580
-7977
8111
9302
9888
7350
-1959
-1462
2762
1011
-3276
-6832
-7551
7627
-2507
8698
3742
7814
5045
6463
-54
-867
-9012
-9807
-1136
7033
5087
7540
-2021
-9152
-5321
-3709
-3295
-2021
1412
-9035
-9048
-7007
-3300
-5509
9139
-9551
6352
-1854
749
588
-5166
3239
6205
4674
-4076
9071
647
144
-3405
-4542
7884
-3274
4668
-3844
-1987
919
-5198
8497
-4097
4618
2966
-5888
-7234
3371
-2445
-30
-1231
-6514
8899
-6092
-4262
1739
-3770
-9289
9442
5286
8513
-2130
-4235
86
6556
6709
5656
3008
-8975
-4522
-2807
-7082
7077
-286
7418
-956
-5488
7716
1791
-3457
8811
3353
1552
23
-7378
5936
-7816
-3073
-5971
-7646
8957
7219
-4886
9734
-2520
-8242
-3670
-223
3499
-8184
-1651
6795
-2304
-2477
2354
274
8049
-7470
-2763
9848
7648
-6168
3200
-8885
-5773
-1098
-4705
6088
6567
-9699
-4672
-3681
-1543
9864
-7139
-6302
-8098
-834
-8121
-6734
-7866
-9479
-608
2125
6901
6112
5887
-87
-7299
-7176
-1358
-2382
8447
8260
9028
-7456
-5221
-9818
-8736
573
6026
-5122
3442
-4334
5072
9357
-6354
-7489
-5746
7534
-2191
-1501
-3996
6217
-249
4825
1714
-8680
4356
-1884
-8198
779
-1599
7644
-1806
-2971
2726
2035
-8702
6995
-9640
2218
1716
-9209
-3648
2778
8452
-6964
5524
-4958
4591
-2844
-1562
-3107
-9142
5098
3960
363
-515
-1993
2341
35
-5558
-6672
3183
8042
7154
5137
2563
-3056
-1531
2323
-5531
2405
3238
-1391
9916
6893
9157
9295
-1924
-9584
3250
9794
9110
7457
4346
-472
-1652
4194
-7746
3839
-3647
8282
5444
8497
-1944
8019
-7761
1479
-2540
-5166
-5127
8993
-3618
-9111
2489
-4963
-1749
3220
-7376
8128
-886
1088
4555
4425
391
-2639
-5028
-991
-6452
2667
1111
8712
-8394
2140
-3509
-4543
5252
-8009
-7393
5405
-1460
9940
-6718
7265
-913
2845
8518
3619
7091
7661
-4295
4742
5328
-6956
-8299
6975
9384
8632
-6270
-1935
2215
-1344
-7366
239
4081
-407
-4430
-7259
1721
-4393
2573
1556
-1391
6510
9765
-8110
-1751
-3189
-6998
8024
2445
-23
2064
2986
3146
-2407
5361
-870
7384
6227
9802
6735
-8841
5777
-9086
5626
-3483
7772
-5566
4737
-9453
-1134
-4858
-3316
-837
9303
-265
-7117
-5821
5177
9983
-7270
5564
-183
585
-4507
-7053
-9538
-6623
8359
-7326
7638
-3260
5086
-2165
3940
3225
8557
-4045
6315
7410
9475
-1575
4872
7504
-6993
5252
-8984
-416
-8163
2200
-2035
5587
962
-4242
6069
1885
256
1521
-4926
-9547
-9952
-5242
9370
-7985
-3187
-3967
5752
2349
1004
-8941
-4364
8854
8354
-499
2416
-7677
5844
5357
-7169
2640
8656
649
5363
-5587
3254
8482
-5382
-9003
-935
9494
2032
7373
-7963
5374
-921
9110
-9382
5859
-7527
6978
-8342
5266
-8812
3086
4121
3599
1178
8658
-7505
4648
-8578
-4283
-5647
1529
7084
-1670
9406
8791
6482
8014
2549
-8368
-7974
4979
-75
1223
8715
-4981
8341
-8275
4294
8924
6840
-2338
-4500
-489
-2129
-1157
8976
6138
-1096
2366
6648
-6735
-2404
-2105
-5041
1555
1332
9504
8918
-3288
2067
-5898
-3844
-5226
-3236
-7961
-4181
-4720
8146
1833
-502
9898
7292
5915
-3895
-2275
3680
-578
-8851
-4643
7083
9598
2621
-1173
-8278
7189
6084
-19
9369
2365
-7360
5586
-9680
2649
9606
-8803
864
-6026
-2689
8696
5893
3243
-4618
5788
-4480
-6555
-6556
-4641
-7589
5832
-5512
7200
-8415
-3162
-1313
-3581
-9503
-8681
-8874
427
8494
-551
-8573
-5264
4248
-8626
-2791
-7995
3527
-6410
968
-2175
2543
4802
-1174
-2156
1791
-3028
-7551
6590
-859
-9211
3373
1494
-5992
7519
9967
2332
3076
-2644
6031
8089
-1850
-4039
9870
-7182
-8774
-4548
-8355
782
-3074
2166
-7225
6650
1719
7610
683
7724
5910
-8095
-3583
-1066
-8565
2217
235
3838
-1656
-6303
-6315
-6118
154
906
-5417
8820
804
-6433
7682
4487
7391
-741
-767
5051
-116
-3946
2677
-1470
9736
291
3097
-8698
-9448
5750
2539
7550
5800
6485
7511
5246
5430
-2747
-3712
9395
7102
-8281
-4348
-2879
-3156
757
-8006
-8383
236
6135
-6409
8849
4615
-8884
5489
-2361
7409
-3727
3705
-6041
2095
-3140
8488
2236
203
8987
-2279
-9260
-7517
-1124
5341
8931
2645
-1156
2492
3122
540
-1720
6457
4037
-295
-4491
9391
1784
7042
-2738
-572
-6581
-8336
-4762
-5483
3329
-5162
7377
7937
-6292
-6652
-9780
-4001
-8345
6880
-4376
4117
-2269
-641
-6892
8790
-6537
305
-1501
-4959
3815
9544
596
928
3108
-1142
-2665
9027
-6327
33
-5103
-9688
7599
7024
8714
5591
8828
2679
1966
-7012
6417
6941
8639
8502
6561
-8229
6223
1197
-1256
-1237
8937
-6035
2645
4754
806
-5983
1814
-3995
8495
3450
-6947
-5767
9544
7508
2955
8108
1423
-5698
-123
6264
3614
-6224
-5226
2767
1555
-4260
-6031
9698
-844
-6801
1442
720
5740
4870
8595
-8270
1955
-8170
5123
7159
947
-3740
-3605
-4530
1431
-8532
5368
-1063
-5696
8686
-6087
-9497
-5453
9134
-4772
-5750
-2795
4298
1569
-5189
-4462
5823
505
-6697
-7390
3418
-1410
-7955
-8409
9005
2763
5816
-667
3366
9019
1785
1681
-1764
8396
4978
-4462
2834
-9177
8821
-7534
-5397
2165
-2229
4435
5279
-1064
7334
-7197
-4702
-2778
-8281
3488
-8335
2880
1240
2060
-418
-2643
6599
-7530
-4807
-5419
8381
4803
-4746
-2929
8594
6110
4269
3060
2049
-5613
-3547
-8329
8353
2183
-9993
914
7549
3052
-6947
-1186
9693
-4747
-9744
-9643
-1704
7973
7617
-4683
2644
7628
-7245
4170
8250
9261
3344
2146
-7611
-4783
-858
9654
3799
-217
332
-7532
8302
4128
1937
6772
-6455
2040
3978
2100
8689
3101
-521
-2895
5949
2831
-4564
-52
-4760
6315
3862
-3498
8733
9203
-9033
2842
-6021
-9189
4414
3507
2328
6807
-2921
-516
8039
-7781
2459
-4410
7922
3319
-7562
4240
-2095
381
-2510
5878
4129
-8903
272
3309
-7896
-1617
-4670
-7873
4811
-7288
-8778
-4814
-7531
-835
2766
-7076
6712
-1481
-4280
-9607
2784
-2566
6342
2445
156
-1597
-1580
6429
-7684
-9825
-3278
-5996
-9680
7617
-9473
-4982
3306
-4767
-8632
4664
-2865
5575
-8909
1064
-8754
873
-7759
-4241
-3372
-7205
-6886
3183
830
-2896
-9702
-5251
-8022
-6129
82
-9697
3595
8133
-232
-7220
8588
6479
5061
9262
-3345
-9213
5114
-5470
-5200
-5121
4870
-6705
3268
-7771
5771
1050
669
-2175
-9906
6724
1320
-6351
-2292
7948
4353
892
-7982
-3179
9209
9681
7072
9488
-7259
-1057
-5614
-2695
7311
-2068
7865
1186
-1066
2175
3101
8956
283
-2970
-1911
529
-5211
-2285
8231
-9378
2659
3787
-6232
3040
2042
-900
8679
4414
-8583
2189
9257
-3021
4539
-7568
-7387
-1784
8592
8847
-8816
867
-1038
-8908
4797
6830
-5787
-6268
6156
2638
4709
-4989
-2223
-6313
-7026
6822
-3354
2266
-5223
7519
8650
6469
-4059
-7455
-6101
-9862
2829
-9243
1000
1714
-4024
3493
53
-1456
6027
7314
1633
8435
-7386
6791
4023
-6701
-9570
5770
4678
-9985
2880
-9682
-108
-1567
7206
5424
-8521
5204
-3911
7964
-4568
4305
-6708
6483
-695
-2150
3538
9095
-988
-7109
-2631
-5967
4978
3181
5020
4374
-2256
4681
5061
-560
185
2967
8124
-8574
-1719
-4848
760
-1608
-2815
-7481
-4255
8364
1577
2392
6148
419
-3631
-6295
-654
-8216
7569
318
7915
-4716
6767
-6633
-6641
-5744
-8372
7871
7177
-592
8506
4393
-6162
6516
5340
-2710
1821
-9817
-8690
-6913
3261
4835
-2521
482
-5218
8744
-9155
3884
8679
-6894
-9120
9933
5295
-617
-2182
-1234
6863
9954
2822
7072
-4177
5718
1171
-4182
842
3718
-7223
3200
289
-4123
-9916
2012
7832
3636
8081
9887
8776
4384
7781
-7979
-979
-3981
-3401
4689
6248
-2792
-8772
-3975
9077
-3431
8315
-2446
5526
1560
1085
6695
2823
6870
7538
-3154
1252
-4644
399
-9895
5691
-6102
-4688
961
-3524
6315
4213
-562
8753
9887
-2880
-6877
-1892
6282
-7783
8437
6611
9431
6548
6247
-9046
7761
852
-2082
432
4587
8142
8167
-7515
-1067
2483
-145
-7839
1789
8906
-5292
9307
9481
-6195
9772
-8273
1340
8193
-1121
-6414
1642
2269
9195
2362
2818
3737
8822
-9391
-6037
1609
-5029
-3898
7841
-6752
8390
-5485
-3368
9898
2681
7599
-3672
-2571
-4281
-612
-1425
-7196
6337
-6345
-4454
9400
-1696
9898
-4484
4889
-6847
6976
-66
4395
9842
119
942
-6521
-8785
1610
8362
6609
3235
5956
-4966
256
-3772
-7658
-9995
-7731
3425
6816
-1931
3986
3221
7914
68
474
-2550
6722
6755
7925
8570
-8239
-4874
8388
9130
-5580
-2292
-7883
7279
-4889
7550
-5232
3249
-4806
-6338
-8307
1596
-3521
2356
2650
-6735
-2123
2320
3653
-1460
955
3653
4995
6909
8687
5354
8018
5120
-5887
3394
5517
-867
-7053
-9260
-4495
-7472
-4327
9400
5804
1647
-9240
7062
2438
-9389
8100
7216
-1251
-7136
-7866
3977
-2077
1875
-1761
7370
-6260
8289
3976
838
-6401
9047
-5741
5487
-1781
-4995
-8924
4538
-654
-8325
-4436
9313
-1443
9897
4634
7884
7361
-6742
-6132
2893
2668
2201
3201
-500
1749
-961
-5088
-830
-5940
8878
5025
-3957
-3787
7095
1212
7930
5239
-2680
-6333
-4846
-6579
5594
-5400
2185
-4840
-5255
5637
-4660
-4873
-2694
-5625
4340
-6362
-3550
-1350
5512
-4917
9084
-3664
-820
-6834
-621
5179
1169
-9793
6005
-754
3337
-5638
-3432
2932
462
894
-4972
408
-9534
8172
540
8929
1220
5916
7541
-1719
9703
893
8703
-8641
6741
9214
5916
-2190
-42
-562
3866
8769
-5872
-714
-2026
-7600
-931
695
-9569
8662
8861
1173
-3065
-699
-281
-8173
-2176
-9514
9929
4450
7236
6243
4647
-7077
783
-6160
3976
8341
5005
-7516
363
6312
-5502
-5649
-6473
-358
-2179
-5001
-4527
-8820
-7163
-5852
-860
-5625
-6210
-5830
-4675
-1509
-6541
8371
3925
-1157
-4294
552
-7078
-6180
-8445
8477
-3378
3018
-3913
-3426
-42
111
-2650
-1321
1347
-503
-9481
-3103
6461
-5400
3123
-9779
7215
-1489
439
3909
9292
9891
10
-4113
426
-463
-6791
-5824
-3782
8046
-2126
2558
-6672
-1554
5764
-2932
5535
-3009
3982
-7495
-9031
9872
-7473
120
-7930
9521
-8771
8882
5031
3530
2536
8064
8071
-7208
-7687
-4292
-4498
-6688
3249
7526
5764
7171
8840
751
-632
1990
7521
3150
2258
8343
7232
5862
7418
3904
-995
359
1770
6548
-9831
9850
7292
9330
2535
-3282
354
4806
5449
6739
-7538
9165
8858
8579
2349
-7768
-9652
6154
-9156
4292
-9268
-9029
-5311
7679
-1560
1151
-2876
2410
-6211
-6489
6210
948
-3527
8067
7675
-6746
784
-7154
3723
-7890
-1228
-9910
-5311
8260
4570
6421
-7248
-8055
5810
-9712
7673
2070
-3180
-782
-3459
5842
-6458
1238
-7215
2798
37
9389
670
4796
8516
9211
5026
6296
-1538
6848
100
5974
6556
-6837
1201
-5246
-5044
-1973
9265
-3195
5753
8490
-6463
-4374
6409
-1939
-2409
6323
-5573
9849
-9856
353
-6084
-8494
-8545
4769
8959
-1858
8463
-3139
6888
-8917
-4476
-5342
-3181
1960
-863
-6810
-962
5397
1191
-5744
7658
9503
-3495
320
-6389
-7113
-3021
4499
-5181
6604
-5948
6037
-6746
3458
-7740
6668
-7340
-5178
9428
-5821
4781
2140
3649
-7973
-8812
-2342
5924
-4350
-1548
9995
9930
-4882
9375
-5596
9047
-5329
-1522
5058
9516
2853
-5864
2889
-5926
-1001
-170
-1092
7412
7866
9393
-459
-7245
-3361
343
-6409
-3650
5104
7860
-1019
-570
8863
3491
-9664
8552
-2942
-3233
27
9450
1872
9062
-7204
-6067
8588
4596
-6569
3955
9415
9568
-3930
3972
-4847
4562
-5046
-6723
3985
3967
6998
-9824
2714
-5427
-9113
-3872
-4896
7609
-9323
1470
-27
4387
4689
4738
4979
-1987
8408
5159
-4349
-7363
5293
-4639
7215
-7786
4682
7148
8336
2511
-8715
9846
671
-4044
7896
-9088
4543
-6945
-1159
6098
-3959
-6664
901
-4232
887
-709
-8291
-2906
4464
3533
-6658
-7599
9423
-6555
-2156
-5744
-4222
-7519
1906
-1553
3927
-7395
-2491
5371
4194
7189
-381
165
-4628
-8322
-2929
-8337
7600
-8531
-4721
5925
-4787
1746
-887
-5658
-758
6109
-9243
4783
3452
6460
767
2442
-8665
353
5193
-4652
-9566
4961
-1035
-8668
-9452
8900
-1205
-1700
1896
-4186
-5606
2208
-7670
-8825
5667
-3374
-3084
-1166
4777
895
-2098
3213
-623
-5009
-1820
-6962
2780
3287
9486
-5104
-4594
-518
9258
5025
9261
9020
-1714
-126
-5493
-3269
4463
6785
7182
3543
-4534
7897
-8428
-1295
6750
-7092
-8986
-5013
-9331
2422
8429
-9344
-5914
-8578
-9660
1861
5887
4536
6676
-2839
-1781
4258
9170
-4315
1606
5147
-285
-6235
-681
-9498
-640
-5960
6533
-2971
7531
3365
-5576
199
-6581
-2288
-936
-7490
4339
6037
-3822
4933
7583
8287
2109
-4875
4856
7426
7920
2078
-7975
4783
-5529
9975
-9538
-4531
299
-1889
-9415
5297
5072
-3404
-1790
-8989
-3664
-2482
-279
2310
6305
6839
6297
-7167
-7094
7
5362
9987
-6053
-7138
-2830
7204
-4686
-735
-8785
-1646
2240
-993
-965
7814
1730
9345
6991
-497
8623
-8183
8135
-2344
8060
-960
-3820
3786
-2237
-6810
552
5214
963
1871
4207
6714
661
-9139
-5843
-8586
-13
-6748
-4836
-5863
5702
1592
-9596
3950
9601
3758
7919
-2551
2894
-2665
122
4724
-5045
-4985
-7867
1310
-6950
-8004
-7587
7342
8619
-5196
-4405
1577
-5237
-2786
-3171
4240
563
-7207
2703
-337
-6448
922
-4470
6976
1922
-759
-2131
5527
-3865
-205
-3031
411
6567
7612
7557
952
455
-7651
-7215
1859
-7093
-5185
-8610
8451
563
-3307
-2822
-1110
6136
5394
7602
8797
3354
2162
-6414
-8836
-9212
7324
6544
-2259
6046
369
-1338
-8023
9654
-9363
-3922
199
1284
8665
