-7257
-2547
6910
1872
-710
4720
-221
9126
-5367
6743
-6513
-5911
59
-659
-4804
5708
-1620
-3594
-2440
-9437
-8282
-3516
-4279
-7183
4823
2792
-4807
-4976
4842
-2731
-7859
1241
-7065
-6969
7902
8549
5071
3720
4951
8381
5695
3130
6258
-1358
-1521
5992
9298
-8338
-3088
-2791
-9163
-3539
6623
4206
8246
-7568
-2210
-5140
2654
7280
-1930
-4762
-7527
7344
5764
-4852
-6008
9721
622
187
5192
-3594
-8803
-8697
-569
4591
6308
-246
619
-2211
-7492
6741
-1795
-8734
1267
-9160
8917
-7354
-7050
-5399
-9851
4750
813
-5196
-2567
-7564
9744
-5588
-6467
9068
-795
-7710
-2436
-547
-862
1536
1777
1848
-3315
-5712
6603
-8451
3626
8290
-8600
-9422
3010
-1309
-5429
7478
-7309
-3106
-5099
-2713
4946
-2231
-3884
2402
-9654
-7110
4019
1137
-5593
-9447
5323
-7459
1408
-4616
-9903
883
2960
-9976
-1886
1211
6584
-735
-9584
-3849
4977
5897
5304
968
-1455
-5583
9151
7097
7527
2819
-8828
-9880
7650
3291
144
-8563
-9881
1774
-2226
-186
-6350
-3667
2079
2793
-4538
-8917
-254
4546
-7418
2083
-519
-7936
-6829
7786
4226
6292
-5570
785
-172
-2969
7469
8690
1449
2313
-2432
-4486
1613
5241
-2834
2778
-9210
4539
-3267
2369
-607
7388
6730
4413
-9682
5745
6121
-5397
-3791
7618
4934
6577
-500
4643
-4656
3204
8501
1859
-7967
124
-6633
8112
-8834
1990
-8901
7088
-2379
6177
2615
-638
-4311
-4961
-3333
-3908
6325
-2842
873
2938
-6784
-8691
-1103
-9819
-4970
7514
-8402
-6633
4331
9378
8992
-8532
2279
-3869
-8071
-871
-9398
-9975
-8159
-9862
-3744
1740
-4113
2453
-8998
-8536
-7609
7309
-9468
281
6334
-9347
-9273
4991
3817
-8018
-503
6777
908
6328
-5304
4943
7555
9390
5421
8371
-4684
5571
-2237
-4272
4521
3698
1887
-1253
-2942
-5924
378
-4380
8826
-1613
-4553
5491
424
-157
6774
494
-3645
-7901
7588
-8310
-2071
-9160
-5447
-5141
-7324
757
-1267
3617
-1290
-9298
9151
-8627
-707
9060
2332
-9265
3578
-9358
-9220
5835
242
-7464
-2921
308
6658
-3495
-7193
7170
-878
-9547
-7201
-282
463
9503
9244
-6352
-580
-3418
-8972
1755
-2486
6819
9147
8401
7742
-7470
-4580
-22
-2692
6759
-1270
1231
-5778
6612
-905
-2401
-231
-872
-3715
7406
-6282
-5414
4520
-6246
7129
2860
7163
2388
-8164
9827
1789
4675
2501
7546
-4627
4479
7819
-1792
2414
3147
-3974
-4358
1650
-4818
-239
-5364
7230
9169
-7741
-615
7415
-9300
-1498
-3265
-1264
8019
-9524
-1827
4031
8021
9111
7233
8502
7871
3960
-2141
9663
5736
3971
4520
-6943
7629
-6833
7105
-7433
5920
-2871
8952
-2419
9534
7603
1419
-2138
-6411
2048
-8807
5315
-3242
9276
2659
-3634
4149
-1261
7383
4690
5735
9721
-6419
-3819
-8239
5627
2350
-3082
8974
-2559
-1559
-124
-6748
-3743
-7182
2427
-3665
-1586
-7670
-2914
-622
-3147
-3378
7687
7942
5452
834
-8232
974
8587
-8774
2554
-5413
-1951
7818
9624
5953
2722
404
-2678
52
1434
-4184
-7723
3622
2881
-4868
-1784
-8106
4523
388
-1491
-9778
7759
-9294
1128
9070
-5473
-3604
5720
-3995
-6129
7338
6654
-9170
-30
-476
5388
6139
-4332
5447
5367
-1639
-5526
-247
-2066
1332
-989
-914
-6653
3012
-2127
6374
-2614
-2076
-9981
-4706
5164
-4387
3499
3089
8537
1208
9528
9919
6450
9364
9784
6844
9656
8138
7205
-6137
1031
1017
-8093
-2977
6309
-9243
1272
-2135
-5590
7231
5859
-3622
2699
-1644
6125
5635
9330
8273
9688
-2319
-1787
-3213
-49
3338
9492
-2397
-4890
3580
4779
-4128
8225
-5439
-3842
-799
3435
4031
-3383
1112
4736
9942
-2876
-4550
9237
-4081
-8960
5261
-8858
6524
2325
-1109
6826
-3541
9042
-7509
4504
-5033
6183
4143
5263
-4028
6706
4097
8116
-5915
2147
4066
4434
2183
4898
2292
-4647
4093
-6164
3037
-4779
1417
-342
-2991
-8386
-8500
-8885
6432
6181
3226
4420
-4791
-8104
-2187
-747
-5815
-1084
-1746
-1148
5928
7503
681
8217
-1935
-7758
-3301
-3015
-7996
8873
-8395
6157
-7194
2546
-4417
-5998
6584
-3142
-1454
-6621
2498
-7636
670
9832
5987
9527
1737
-4220
8308
8132
-5822
-753
-8813
-8506
-6574
9554
2231
5057
1153
-2245
-586
-6426
-6262
-6522
9046
-8478
9074
5572
3129
-7545
-8095
1822
-8106
5943
9384
1281
-6114
9887
3389
-4697
2540
-5879
-7215
2422
246
8458
-9419
5740
7659
3620
9121
-2962
-6372
5595
1349
-9301
6792
3278
-3472
1987
-7606
-7947
-597
-5151
-9620
9267
7229
1720
-7405
-7523
-5744
-3131
-8346
-4344
7305
7974
-5305
-8249
-4900
7612
-3103
1797
-6182
-3442
-9546
-6386
-4892
4703
-6938
9603
441
-1103
7911
-3033
-5671
4986
2006
7927
7881
6239
3402
1466
1062
7144
2653
-2032
4260
-7023
5310
-3858
926
7820
-5972
-6280
-6171
-3070
-1020
4769
-9858
-7463
-369
-1987
-1259
-6452
8084
8317
-542
9899
-2759
-1651
-528
-2264
6791
-8725
-81
-1908
6602
-3717
-5440
-8153
423
-9958
2607
252
-5394
9402
-815
-8694
-6945
-6327
-9713
-3955
-4176
-5592
9443
-1542
486
7699
7201
7943
-2991
-2303
-8631
-9752
1363
-5524
3353
-9305
-7645
-1897
9876
4447
-868
-6335
5132
-5409
8801
6612
5098
-905
1990
-8076
719
9421
-7553
-4997
7144
-2958
3344
9330
-9572
-3233
-3740
7712
-2444
3692
8083
1507
3830
-5822
6107
-2001
4425
1184
-2266
8900
9478
-4976
-6252
-5127
5305
1218
-9111
8729
2836
-8177
-4055
-8150
-1801
869
-5957
-8
94
8265
9434
-7638
593
7604
5190
-1501
-7665
1139
-3615
-9955
1406
-2380
2212
-7993
1680
-2611
-2265
-2811
-7516
-9538
3070
5762
4887
3200
7832
-6115
-4249
-8997
-7014
-5106
-5237
-2104
8423
-2087
7150
6111
-2578
-7920
-6944
9558
1685
2559
-9728
8549
-7041
-4257
6334
-9390
5954
-2682
8544
-4454
5221
6203
-6241
5718
7898
9385
6750
-4657
6984
-9680
1352
-7713
-1442
5814
-2923
1948
5953
7871
6437
7133
6022
4311
-3458
-7055
1262
5287
-1745
1827
-5982
-7077
267
-5677
-7728
5083
4938
-7886
-7411
-4753
7341
-1175
8516
-8413
6520
6095
2585
-9914
8769
-5260
-1089
-5092
-9176
9202
6051
711
-6376
-3834
-458
-1878
5502
-7339
-2799
377
462
-7950
7496
-9293
-7268
-2279
8931
7092
4995
6476
-6073
-5251
1019
-6864
909
67
9226
-6244
9700
-4607
-8388
-3431
5914
-3024
-9243
-9069
1549
-3057
3786
-8237
-9342
2699
-228
-5378
3759
-2662
-4397
1241
-2550
-5385
9961
-8256
-6938
300
324
78
9884
6537
-4477
-8750
-7462
659
1900
4973
-3521
3538
1535
4618
-2540
3570
2809
-1522
6009
-8373
4542
-9920
4822
6951
6070
6295
-6189
-9058
774
7590
9327
4419
-3384
-5560
8478
2621
-3584
-5845
-9309
-7817
713
5448
-6833
4672
-5901
6632
-6434
2452
-5194
-552
-1834
-4389
342
-369
1179
-3098
-5326
9064
4939
7130
5620
-101
-1592
166
-1226
-4186
3714
2782
-4657
-3728
-503
-4252
-4261
-369
-9450
-6318
395
-5931
-8435
-7653
-3664
-5970
8977
1689
-5006
-9057
2335
-1553
1837
5602
1910
-724
-4303
3290
-9127
-1859
9312
-4898
7653
7319
2881
9100
4439
-7106
-1643
-5269
2038
7370
8289
316
3449
-8655
-7839
2165
-5345
-6039
3190
8035
5539
49
-6137
-6197
4273
5629
7130
3006
-741
-4045
-8659
-6056
-5443
124
-7627
1986
1970
2579
9950
-1478
-5195
117
-5310
3834
-509
831
-9936
9522
6640
-2424
2738
3828
-8468
-5756
-884
-1681
8151
6736
3075
42
3047
-9718
-6543
5410
-6522
-6966
-7845
4177
5639
1313
9089
-4750
-6546
7291
4804
2844
-7255
-8014
4064
9594
-6747
3654
-5268
564
8989
8721
3520
-7775
9004
2632
-6369
-5633
8454
3268
-6767
-7676
-5733
6191
778
-1029
5623
430
-469
-8330
543
7908
-2452
-3303
5295
-8849
-3385
7017
-977
3826
6485
-5186
4385
-1585
2026
-6009
6492
9601
839
-9694
9598
4246
-1857
-8773
9002
-6850
-9325
-7813
-8548
9401
8354
5071
-6195
8365
-7291
-3428
-5339
4096
-2429
-3540
-5114
5507
-9032
-2075
-7051
5052
-8138
5581
-92
-219
-4332
7317
8494
-7438
-147
-1704
-6860
-7625
862
1897
8018
-9493
-1694
-7298
-1370
-5354
-4602
-3330
-5345
5501
-3132
-4591
1950
-5643
-8374
-4011
1775
-3450
-8203
8454
3052
-7290
1164
-233
1862
1925
-8959
-4157
2039
-4396
-8076
-1013
-7737
-3108
9518
6079
8438
-8175
-3948
6427
922
-1715
-4362
-3332
9307
8775
3176
-810
9591
4694
6103
9273
-8665
2463
9746
-5406
5464
3896
-3766
-715
7404
2571
4101
-9523
-1096
-3169
-3906
-9971
596
5684
7254
-4433
2508
-3702
-6394
-5256
1878
-9802
-3684
-7724
-2872
-7720
-3422
-6037
-2631
-340
-48
-7597
-4362
-4047
1007
4778
-9240
1635
-1113
3272
1849
-5654
7497
8344
-7294
-5626
3665
5441
5167
1306
-3529
-4375
503
-6633
-79
1047
-256
-2819
-7093
-4439
5281
-4215
1358
-8585
884
1875
-5177
-2513
-1493
-6497
-2764
9423
-3918
7390
3199
-4994
-2426
-7988
-4146
9794
3331
7547
1642
-5814
-7749
2167
-2085
-1220
7976
684
6107
-2248
-1751
-1471
-4406
-9392
-6921
7319
-4769
-5071
-8279
-7865
2778
-7346
9706
-2864
8739
-6073
-6218
80
-9426
342
9195
-3526
-4026
-9738
-9628
4044
5930
1170
8961
-9378
7223
-641
9770
-133
-4189
9596
-5238
1946
358
-2799
-7788
7261
-4508
-9941
2850
-3552
7191
-5765
-5402
-6727
8688
6786
-1563
340
-7514
5302
3873
-5179
9198
5693
-6472
3282
-2129
-37
-4842
66
-7431
4655
5484
6891
-5028
2561
-9594
-5914
-921
-1296
8812
-1402
-9065
5238
915
-9582
1896
-4211
-9637
-7538
1568
7917
-3234
4417
8541
-2883
7654
-4393
7706
1198
7950
719
7891
4039
-4411
2058
1816
3023
-7298
8127
-2916
4412
-8719
-589
7723
3403
7788
4627
2795
2052
-5994
-5917
7972
1777
-642
6054
2812
-5586
587
-2218
-9117
7046
-2815
6891
2896
-8932
9403
9960
2059
8004
7693
5772
6451
4650
3436
5947
-2151
-5607
8981
-2570
3848
3146
-3671
-4118
-1474
-6181
1370
2813
4122
-5665
8113
1292
4176
-4160
-2493
7708
-5029
-5989
-7837
-7624
-3215
8065
3653
-7963
8587
2110
-8554
9712
4016
-4960
-2640
-7484
8668
4146
4136
-1073
-3219
518
3495
766
286
-7382
9432
1229
-5323
-2266
2534
8608
-1663
4409
2118
-4322
-8374
-4304
3968
3634
3093
2595
5922
-6340
-6803
199
-1718
-7162
-2627
-8400
2121
641
-695
-2289
4623
5697
-9606
-7420
-2355
-432
-8188
7830
-2393
3704
-5808
6546
3518
785
-8354
-8396
8663
-811
4545
-8229
4234
3116
1031
771
1318
7317
2184
-2120
4286
-8644
-5356
9598
-4479
-4793
-6204
2903
7687
8302
5351
2490
-7472
-9100
1744
9990
-634
4147
-2852
-1425
9599
9161
3986
-7315
-8742
-6468
3238
9693
-3539
6641
7507
-9125
-1720
2130
-8339
2214
-45
6815
-7884
5114
-6636
-6707
9284
-8257
-722
8117
3140
8086
-2655
-2230
-6305
7986
-9874
3243
2174
-4857
4930
1791
4185
-9222
1640
4949
-4223
125
1151
-2679
-3975
-2143
9655
4502
7623
-2335
7766
-9748
-8068
-9296
-7152
-3999
-5603
-4271
963
-6054
2162
2593
3446
5317
9922
8393
1517
-3669
7824
-584
-343
5297
6252
-9347
-4107
-688
9873
-5154
-84
-6097
7062
-8764
9652
1780
8329
6907
4310
-4319
-4417
-4607
9367
8955
-4087
3411
8927
7479
-8296
7034
-8266
-8497
-253
-1794
5675
6898
-1779
4596
2213
-3200
5353
8493
7150
4645
-1075
6182
5974
4294
189
-8977
-9508
-860
-4641
-8090
-8604
6354
-6254
318
2349
7403
-6001
-7476
120
11
8226
6372
9903
-5960
-6510
-1150
-4261
-4890
2450
6245
8993
1100
8302
-4511
-6118
8694
-9598
-9366
3771
1425
7823
8047
-3180
3196
4332
9956
4893
4906
1597
7740
-7480
-6904
166
3478
7311
-9850
6258
-3098
349
-3123
-6336
177
-7305
1106
-4113
4720
-1494
-7305
-8579
3684
3000
-4166
4358
-6216
-1489
6398
8676
449
-9678
4065
-8397
-5768
-4645
9377
-8869
3769
7416
-8381
-1608
7379
-511
-909
-631
4554
-8793
-5409
-2598
336
-3312
-2137
-5428
2010
9890
1242
-4587
9313
7473
6820
-1238
4926
8091
5333
102
4028
5170
-3761
2073
-6964
6339
4403
-1227
7665
-3554
-2693
3556
6684
-5240
8535
4670
-5196
4197
-7310
9847
-1743
7850
-9762
-920
9751
-2355
-8855
1041
-7379
-7767
-7451
-7133
95
-3161
-3716
9357
-5052
-2059
971
-2845
4447
9538
-9820
-5309
9949
5096
-7487
8310
-8263
-6367
1136
-667
7213
5127
-4228
7219
2919
-4920
8706
2692
5007
-4285
-3587
8105
-2840
8472
-3487
9406
6660
-3764
-8980
-5931
-8863
-5172
2094
4450
-9406
4101
7619
-5291
-3714
5147
3278
1811
6065
-509
2122
-356
9352
-8434
3194
2357
-7852
-3165
-7193
-2705
9944
5955
6203
-3893
-486
-3708
-4932
-6602
1052
9974
-2413
8944
-8249
495
-447
8461
-5932
-189
-3869
-8181
4343
-2111
582
-2368
-8990
4866
4017
4192
7388
-1135
-5478
-9502
6250
-1619
3538
3261
3696
9617
4663
9139
5112
762
6865
-818
9644
7109
6272
-9577
-4219
-1181
5063
9344
6804
-2100
1936
-2711
-4592
-2910
-3274
3743
9684
-7349
-3174
-4792
-1810
5842
9553
8685
109
-6865
6968
-6162
-5426
9599
-1594
2999
4819
-5825
-2330
-1042
5846
-2002
5594
4812
9924
-7647
-1352
-2592
-674
-5119
7526
-6850
-6043
-8059
-6970
-18
-7367
1798
5159
5263
-8316
476
-8894
-1156
-2305
4566
-1934
-1223
-7160
-9034
1363
-7765
-8480
-1225
-9315
6555
-1978
-3364
4753
9292
-6096
4162
-3680
-734
-9450
-3690
-1242
-3308
-3706
9536
-2516
749
-5731
-7952
-3401
-1933
5439
7347
5594
932
1789
-1931
3789
-319
-9254
-1608
9469
-2728
-7854
-5219
-5335
860
1146
243
9540
3984
9741
814
-5300
-5030
6519
-6062
9986
-1282
7631
8450
2401
-2922
7504
-8664
7028
4039
-5025
-3473
-6836
877
7842
-119
-2270
-125
-7
8812
-4894
-8380
5665
-9776
-2532
6897
8440
8968
2218
-9472
-5788
-5729
6006
9213
-5406
5410
4373
4128
1293
-5927
9780
-1309
-205
2125
-9369
-2327
-8644
-2233
9009
-868
-9535
1530
-1966
-4856
1543
-9547
1154
-8890
-680
-408
2138
-5918
-3319
7012
-2216
4520
-3556
-8540
-5433
8037
312
9275
-1715
4745
5996
684
-6071
-2051
-625
-2818
7484
-7324
427
4969
-2038
-8359
-515
-3641
7176
-2734
-7226
5737
-9613
-3162
-1553
4163
-1437
8871
-4271
-5020
9390
31
6335
-1919
-3975
9040
-7648
-3816
-2387
-5370
9019
-7407
-8396
1766
4298
2368
1509
-837
2885
2467
803
-1462
-5948
7349
2456
4812
4830
4820
-3207
9163
8311
7261
-35
-4757
-5977
-9554
4130
-8542
-4685
-1524
-974
2685
4903
-25
-4777
-2088
9029
-4609
3513
6100
7771
-4452
9122
5199
1329
1209
-3672
9767
7839
3288
-6812
6935
680
3200
6279
-6887
-3029
-523
1934
-9862
-3362
-9110
3790
-4365
-110
7102
-803
-7498
6675
7413
6900
8263
-332
3178
4924
6645
-5866
-4299
3392
894
9740
2677
-2370
-5504
-6529
-7257
-6116
-5064
4673
3784
-3983
-5273
9073
-5480
-4894
-4526
7753
-1434
278
-2181
7918
-6399
-3301
-1218
6955
9484
-7087
-6308
-4060
-3646
7085
-678
6572
4371
2445
9126
-9875
-2158
7698
4106
-519
8123
6517
9880
-8341
2878
9670
-1313
-1664
-7339
-8516
8145
-7410
2676
8279
-6723
6382
-5353
-9423
-8460
-7798
-8120
1842
3694
6963
-1968
1693
6448
3363
-6473
-3059
5292
9092
2052
-4398
-8694
-4827
-6833
-9561
-8026
-5638
-1758
-8577
1007
-5597
-3412
-553
6342
-2413
6990
-6115
120
6562
-8165
6007
9589
-3589
-283
-3979
2242
8868
5223
-8636
-9183
-6090
-7114
5599
8684
6719
-1254
6493
7430
-4698
5435
4795
6012
-5322
7171
6543
1262
1837
6969
3324
9350
-8340
5751
-6687
-8114
-3725
9899
-1195
1105
-8853
-2112
5103
5123
-7022
1380
-237
6554
8768
-9680
890
-8267
-8955
-8018
3224
-3495
463
629
1466
4598
-6999
-4729
-1264
-906
-3962
2019
32
-8339
-5975
-3980
5684
-5240
-1141
5536
-7641
-2230
1722
-1555
-7404
3882
7746
-4642
-4493
8431
8122
-8982
-858
-9892
2147
6314
-6504
331
7902
7728
365
-4637
-5513
8474
-7986
9862
-4367
5769
3765
-1598
3875
5526
-1713
-8357
-7217
8945
-7265
-6857
-8286
8438
4143
3702
-1508
-6315
-7380
4229
8865
-6845
-9235
586
6569
7496
7391
-1514
3736
-4577
2303
2472
-2819
7562
895
9589
-3003
-4158
-8257
-1745
-3574
-9914
1204
-7694
2197
-8717
-2445
5608
-4345
8387
7714
4740
809
2156
-1931
-9923
-6052
-249
-8978
2460
-8921
445
1328
-8300
822
-7154
-69
1637
-7877
7344
2629
-9611
-2137
3059
-6395
-3073
-3372
-8892
-3076
2812
8982
-8123
-2765
-7379
5830
1197
9066
4790
1010
4442
340
5388
4517
-8299
554
-3100
-3872
6561
5522
5806
-5772
2166
1643
-6707
8169
-2596
-72
2399
3224
5932
9235
1932
9821
1299
-8520
-7575
-7981
-4537
-4256
-4640
8181
2645
-4297
-6141
4975
-1393
-9773
-8843
-8373
3734
2309
-2746
-8009
-9861
7917
-2208
-6625
2308
2339
301
372
-1826
3723
-820
2414
-1852
-7228
3031
-4296
-9582
-7122
-7906
-6645
3671
-1860
744
6427
9431
9280
-67
9428
-6455
-3405
197
-7911
-1254
2326
-1684
-7228
6013
-2303
-5638
-48
-7001
6877
-2762
-1486
3959
-1269
9765
5235
4596
-1025
-9225
3561
1050
7936
-9975
-2108
-7204
1537
-9693
-8424
7314
8478
-8381
-9407
-3802
-7511
2102
-641
-5248
6550
-1610
-5541
1996
9883
-2551
9561
70
-751
-6907
534
-4993
4750
-2025
8801
6776
-7186
-405
5130
-6959
-2216
6767
-3966
-4629
-3234
6614
2121
5784
-7477
-5599
-7685
639
-6097
-3799
4532
8350
-2385
7220
-2197
-3908
-6991
-3005
-8706
-3359
-9003
-48
9606
7125
8584
-3415
-7726
-5687
-4445
4104
8547
-6729
-3266
-1629
-707
-1163
7686
-6932
1753
9107
-1628
-1497
8158
9055
295
9255
-1382
9850
-7029
-6122
-7870
7464
8401
-5021
-117
2995
-2417
2578
7096
-3803
2806
-3541
1181
9245
-7330
911
8937
-155
3077
3512
1438
1846
-416
3180
3006
5440
2269
9194
-5634
785
-8091
-1493
5783
2172
-3961
1464
-2888
3913
3095
-8841
6704
-2666
-7041
1710
703
5085
-1191
1733
614
9728
5095
-8933
-7296
8875
-2916
9539
-289
7963
8635
-3452
4030
9976
-7643
5512
-6345
-6302
-5155
-8891
-631
4896
-1563
7646
9533
-6609
8544
5219
6421
5012
7322
-78
-7779
-287
-6538
4334
-3654
-8772
-2921
9291
2513
2033
4947
1232
386
-1932
-1
-5803
-1568
-2439
-4876
-5568
6387
-1148
-1400
6082
-456
910
3198
5328
-8821
9678
4400
-4802
7684
-2367
994
-693
-9558
-5585
-1723
2192
3832
-5903
-1874
6843
7495
2447
9561
-2977
-2818
1209
-7369
-9862
-8665
4010
-9760
-1250
-6040
6762
-264
-2395
-6558
674
8585
7906
4941
7569
6517
-6498
-6861
5917
-2179
8192
-1153
5986
9619
3380
-7130
-7286
-4693
4084
2780
3181
-8240
40
-8374
-5779
8068
-5059
-8124
-8923
5660
-3407
-2433
-458
-1274
9038
813
4793
-8176
597
-397
6010
679
-406
-9016
-8206
8627
376
-1197
2495
8675
-5059
-3623
1470
-3292
-8860
-6755
6234
6137
-4348
2161
-1816
-334
-4205
4529
3650
-7828
6545
-7656
9666
8015
-4075
2003
4384
7715
-8628
169
-9955
-6882
3295
9792
-435
5684
836
-9907
9270
-8473
-3970
-1993
-9812
-807
2102
7929
-8286
-2356
-1814
-3680
-8583
2647
-2934
2074
320
-7993
-2508
-7842
1347
1391
9830
-7687
4871
-1347
-3206
-2747
-3572
5791
3341
-8988
-4872
5812
-9333
0
6086
3886
8406
6565
5306
-1803
-2498
6848
8899
-3856
-3484
1558
-3601
-7422
5819
9960
8310
-8564
-3035
3488
1593
9234
-9531
2192
4280
8563
-7774
9569
-5040
3073
1694
-279
1138
-3461
-6979
4342
-6875
644
-6256
-2642
5808
1689
-4554
315
-2006
8906
8972
4030
-3628
5
-9801
520
-70
902
-4663
-4706
-374
1053
8822
-323
3642
7073
3244
1697
-6993
4751
-2518
6854
3685
9831
6737
-5954
4210
-8439
3453
-612
-3508
1083
-4425
7397
9141
7161
3899
2820
6420
-2680
5390
1731
2024
7123
-7238
-2773
49
5041
6605
6712
-6138
32
3210
-2086
7225
6423
9372
-615
-4163
6221
-5810
-1012
3599
-2856
9929
-9571
-1731
-2334
-1283
2035
-3141
4707
-7690
1154
3541
-6556
623
704
4602
5795
-5657
1127
2272
-1999
-6180
3320
-8936
5058
-1354
7896
-2510
6280
-7403
1057
963
-2774
8463
-3786
2739
6223
-9379
-283
8923
4954
3696
9097
-5823
6080
-8211
-1888
3519
-6910
-2448
687
-3569
-2218
6088
-8586
-5465
4027
-572
-2716
817
9940
4215
-8619
7973
-6367
196
-8943
-9660
4330
1683
4228
-6352
-9833
-9787
-4064
805
-6970
5828
5857
5180
-6823
4226
-5358
3009
196
6596
164
-5231
-6599
-3153
7604
-6711
-6437
4070
9995
5475
9939
-1352
-9444
9917
-6220
-3320
-9288
7213
5328
1205
-6977
-9482
7176
4614
-9522
-4519
-4912
-1462
2394
8734
9428
-433
3775
2911
6544
6510
-2412
385
-4504
5613
6109
5651
-6960
-4025
-3585
-6697
-8417
-7248
6274
8555
-9654
818
6849
-6279
3337
7963
-4943
-8475
9172
8987
-3312
5488
4116
9219
-8053
-2090
5126
6922
2029
9804
7163
-2484
160
-5264
2078
-408
1283
8034
-5888
5589
5204
305
-1564
-1137
5425
-424
6763
-4847
7042
5083
-8412
-1941
-3473
-9691
4592
-3531
-6967
-1864
-4863
-1252
-9697
2461
-301
-4019
8237
9421
3892
-3601
-2247
7705
-2355
-8274
-245
-7749
-13
4643
2477
3432
-7727
-388
1998
-5329
-5232
-8481
-7955
-2081
3488
-3719
-2847
681
-7989
9074
-6010
-5790
-3626
3002
-7217
8637
5418
7872
-3310
6857
-3663
4905
5204
-7006
-2439
-1628
-6785
-1502
5985
1839
2768
9665
3307
-4395
-2075
5755
3015
-5146
664
-9281
-3251
-1128
5766
-9542
2138
4290
-5522
-7580
8656
-7987
7444
-3695
-1127
9915
4429
-7878
-7510
419
4216
-1243
-243
-4531
-6274
4234
-1276
4671
-4569
1813
-5253
1724
-6039
-4023
-1165
9275
7415
2155
3394
6845
4544
-6104
-4388
-4457
-5001
1580
-8465
-6367
2791
2499
-5160
635
-2115
-8586
1425
-9472
-8556
-2872
6846
-6902
-2479
-9828
2952
-3228
1539
1767
-2469
265
5757
-1483
9017
6115
-729
-145
8600
-1755
6043
-9445
1570
-2099
9989
-2172
4246
3393
-930
-8920
-8093
5680
6566
-7582
-690
-3401
-9685
1700
8472
-6740
-681
8040
792
9104
-8104
6209
2869
-2504
-6122
4828
5172
6644
4458
-1825
-3665
3945
-5279
-4503
-7871
-9677
6502
1337
-7927
-1685
8716
2502
3059
4924
-3361
-8488
-7068
5824
1779
-5209
3273
1694
-6233
572
-4372
4044
9146
-241
-9942
-3793
4910
9483
-4099
9400
-651
7092
-8399
-5467
-4806
-2737
1950
6023
614
-4453
107
-6329
1182
932
4232
6673
2218
-1707
-40
8245
160
5902
3382
387
-3911
-1886
4308
-8272
8225
-2858
4272
-5702
-9247
-9781
9262
3314
3985
2826
-640
2211
-5318
-2257
-2263
-4150
-437
-9074
-910
-7675
993
5702
7460
7158
8406
6317
-6765
-2223
3368
2948
-2785
-9743
-8178
-965
-2446
5759
-7592
7776
3134
-2770
-1446
-1721
8656
960
-5084
-6862
-4192
-2829
-5088
-7376
-7220
5227
-1879
9467
4372
6296
-5510
1498
-5757
7019
-9426
-7583
-4398
5700
3881
8807
-9984
-7714
-4076
-1843
-4371
-5703
3590
1076
2517
6905
-196
-108
-11
586
797
-9334
-5841
1248
-1718
5636
4775
-7679
916
-1156
-1495
-7707
-1492
-1437
-6800
8907
-7557
5925
7276
-4711
-1418
9206
-5214
-2080
-4208
9276
-7419
-2884
501
7967
-2624
1247
4419
-2140
-6397
4356
898
7181
-2739
4723
3251
-1867
-1192
2188
5983
3807
-9786
653
-405
6734
-8493
7788
4596
-3562
-2610
-5762
8530
3012
-3783
9555
200
-1721
1969
-5023
-2121
-1520
1912
-6657
178
-2749
-8736
4789
7114
-9313
6333
438
3323
-4425
216
-2300
-165
1559
-4207
7191
5105
-532
3494
-9557
5711
9623
-5799
9070
5624
6591
459
-8226
-7394
-6119
2245
-2098
6670
6574
2801
-5245
4877
-6312
-7182
4508
3924
8989
-7877
9293
-5802
2253
-7605
-2001
-8801
-6630
7777
2429
6777
-9916
4752
1837
1528
6526
337
7964
-48
9483
6670
-6541
-8147
-2557
-1294
176
-8776
9853
-566
-3579
8684
-3965
-1576
-6969
-4761
4762
7499
-9266
-5472
2678
9011
-138
-3548
7862
1227
-8327
-6145
-6463
6304
-2815
-4912
-1567
-580
-9276
3809
1902
1463
-2124
2821
6482
-790
9231
8385
-7835
6481
-8650
6726
8163
721
-8780
-571
-1987
-749
9553
3662
1323
7100
4438
-3712
7168
-4787
171
-3642
-8911
3098
7912
-8321
-8644
-575
-8496
-2509
5963
-2932
7008
1666
192
-3817
9109
5731
-6339
-2474
7459
-3681
-1219
-6009
-2693
-6222
-231
-1741
-7579
-6733
573
9076
-2894
-8659
1343
2903
-7664
6372
8199
4820
-2264
-7563
-9795
2001
4827
5268
3077
-401
-6021
1466
2403
5358
-6069
9956
2012
-6509
-9280
-9115
1296
4684
6408
-2561
-8496
-7692
7228
-7418
7471
791
4081
5265
-4829
-5483
-4115
6342
512
-7135
-3713
-8991
-4749
-9795
-4486
-7266
-1295
8866
9610
-9982
3053
8231
7615
6132
-7551
-9461
-7379
-799
6767
1476
-3549
-3146
-7097
7167
5003
8812
-6128
9205
-9282
8245
3853
-9038
8976
623
4050
-5227
-1573
-4551
6437
891
-3719
4390
-4440
3819
-3223
7665
-3444
-2397
390
8721
9516
1623
-8286
3527
3868
-5736
4134
1875
7745
1539
8790
7924
2930
5330
-2092
2971
2886
6003
-3941
9425
1436
4941
-5456
823
-7860
9572
6797
-7575
2608
-4203
9542
1202
4606
-1455
5048
-7818
9974
5605
3437
-2779
-6310
-3679
3897
-7181
-6341
-8605
5057
-6364
8613
9489
2208
-3282
197
-5680
8011
7421
-8533
2085
-3703
-2984
8143
4087
-5930
-848
-1779
6002
5651
-7450
6361
9586
-2909
9464
8140
-5354
-4595
4599
-1425
1916
-2622
-1110
2659
-4905
1508
4588
3764
-9705
3702
9982
6642
-8766
3792
5679
1594
-4747
9584
-1610
-3295
3830
3005
-9241
9486
982
-753
-2681
-4876
-7293
-5806
2242
-1782
943
7681
-8107
8543
-7028
-3075
-6354
3922
-1215
1234
-9605
3942
1599
-880
-5283
5109
1410
4397
4256
-6841
920
8828
-3441
4785
-9814
8729
3715
-8371
-3945
-5332
9156
-2529
6874
-6711
6105
454
3428
-8876
-3062
1432
-2740
1871
7863
7732
4364
7773
4055
-8562
-7426
1763
-9493
-979
-5650
1956
2758
4047
2989
7493
-8629
-8798
9623
5988
5580
3959
-1115
-5596
-6318
6673
843
-3009
1632
-4324
7573
3582
2788
-7481
-6643
6091
7618
7432
-4550
-6617
228
7505
-9162
-5833
6975
-9593
9420
-5608
9608
1726
-5012
8167
-6253
-9123
1243
-193
-8971
-7607
3272
-4125
-1922
-7976
-5088
5843
4447
-6629
660
-8379
5148
7442
5597
1432
6709
-2124
2119
-7580
7345
-8130
-752
-456
-4114
9203
-3314
6230
-2136
-829
-809
-5079
3937
-479
-6418
-9537
-5594
2027
9506
7441
9401
7873
-7147
-1361
669
-7823
8358
9379
9448
-3241
2659
8316
6934
5780
-2171
-7205
3455
6761
-298
7541
2102
-7807
7361
5490
-3331
8946
-6002
7891
-3715
-2695
-7998
2089
3240
-3153
8819
-4087
-8877
2479
-8590
7929
-7688
2046
-5112
1211
-3051
1520
-1418
-1115
-3466
-2312
7564
6474
9948
1299
6113
-4160
9674
-4951
-7941
5369
-8510
4172
-3936
1256
-7470
117
-6789
1055
-6476
-2891
-102
-8218
6868
4888
4985
5560
-3170
-9442
-4669
-341
8817
-581
9371
7208
-8825
-2741
-3687
-6931
94
-4174
5284
7959
-4070
7247
2874
6628
-2840
-887
2414
4834
-6935
-8610
5046
6528
-7061
-5142
1116
-299
-5740
922
4166
-310
-1617
-4762
1582
2752
-8127
-5111
-6425
-1199
-387
5834
-7387
-7192
-1942
4557
-9737
1176
2922
-6112
3493
-3620
8958
5728
-4139
2154
-3800
-5940
-7996
-2971
-3110
3900
-3739
-8316
9473
-9929
3632
-4740
-4340
6753
750
1745
6139
6728
3428
2059
-3038
-8040
-2494
-2170
7214
1129
1176
6632
-8434
-2419
-7507
-6179
6383
312
-8630
-5326
4737
-4952
8393
-5518
-1591
-2884
-6901
3844
-2094
-3284
9051
-3173
1797
-4559
1656
5263
5645
-7401
6547
-2019
3937
-4670
7353
-9973
-1139
-172
4740
-47
2182
3478
1842
9344
-2672
-2204
4596
2738
-3334
381
-8558
5410
-2478
-3327
-3265
-325
-2229
-3179
-5195
9264
9830
2148
5341
-4843
-3889
7450
1468
-5930
2507
-8666
2973
9775
-3871
3395
5659
-7620
9186
3531
-8832
-6363
-744
-724
-8411
-5331
1764
-9239
-8835
8312
-5287
7746
3812
3895
-6342
929
6156
-271
-7739
1128
-1825
-5607
7215
5084
5647
4978
-4959
-3818
-2294
-6853
3607
-7761
1947
-2170
-1505
2067
8436
6054
3633
8913
5840
4934
893
-1321
9853
-9193
-5076
5490
-2738
-1773
-964
8384
-4986
-4526
9625
-1924
-7264
7262
2620
9574
-6698
9957
-9813
4480
-9179
-2495
-7737
-6124
9315
8276
-3234
3758
6200
-2408
7337
-2501
7864
1392
-7963
9737
-6986
-4912
183
-7550
5119
8891
-7732
2734
-5512
-1404
-548
8039
-9811
-4588
-3671
3608
-4603
1004
-8868
1944
6807
2739
2307
-3880
5382
6760
4583
-2568
1237
-3144
8398
4175
-5290
7844
-163
-5288
6012
8134
2486
-7289
-7131
6123
-8538
-8050
-1349
9780
-3627
7773
9203
5103
237
1931
4269
-4473
6835
-398
-6071
-4054
-7408
7480
-3269
6802
-9751
-4276
-5978
-6351
-8808
2226
621
597
8615
7423
-2237
-6873
137
8499
1042
-8568
-1330
-3494
-5561
-9540
-599
4929
-1208
1903
398
188
86
-9369
-6718
2271
9793
-1130
-5287
-3265
-5929
-6738
6685
444
-9793
-4253
2087
-7042
7884
-8114
-8231
-9868
8367
-248
3398
3920
4415
6737
8238
-3958
-3241
-2440
3363
7109
-35
4654
2224
7457
-7013
6040
1100
6875
-1632
9167
-7250
1196
-43
9110
2719
-8776
5535
-5233
3270
-7933
-7355
8990
-8539
1203
7632
1157
6008
1771
9779
-6100
-2138
3329
8352
-9972
451
6346
-9536
4950
8461
6807
4677
4362
-792
4013
8754
-5195
5638
-7117
9488
4725
-7654
1268
3760
-5529
-9954
-4580
-2648
-2609
8735
-5225
-6526
-5656
-3647
534
9302
5034
-4144
-8308
1791
-194
-649
-2171
-261
-4028
-488
-4488
8368
7118
-1292
-3901
-6155
9824
-4047
2233
6178
-8521
1229
399
-9284
7222
9473
-5097
-7134
-9434
-8215
-5280
-918
-2005
-7704
-2859
677
-148
4651
-5828
-2022
-447
2195
-5816
1086
-6372
-6753
-5276
3261
-6378
9277
-7467
-5807
-9148
5807
-8011
-5420
-1470
-6057
-4928
-6273
-9330
-9921
-2920
1967
-3239
1658
5116
-6620
-4833
232
-1872
-727
-9815
-200
-4282
2582
1242
895
-2077
-6667
-255
-37
-4519
3742
3644
2070
7437
-3976
5734
4235
-4023
-1657
-4184
-579
3510
1481
9418
9488
-7962
-3923
-1066
-5696
4168
4750
8181
-9686
-5301
1533
2923
4707
4087
-4488
-1758
2484
1407
8722
-9584
-5158
9004
6517
7302
-5626
6143
275
-5111
4982
1533
5942
3792
6858
6227
2323
-7835
5156
-986
-8536
-7963
-7396
2009
-9879
-7216
-990
1794
5642
-98
6066
6593
-7581
-9106
-331
-2156
2444
-7687
-1940
6495
-2594
-9861
6061
4501
2757
-1900
-8602
1059
-7074
3908
2752
8221
458
1824
4117
7580
3439
5027
8594
-4666
7461
-9100
-5373
9433
-3422
-6432
8703
8577
-3398
7877
-3763
2722
-2022
2434
2290
2964
-7857
5392
-4751
2855
7577
-2091
-3087
6669
-4228
-5121
-2157
568
490
-2995
