88404
96241
46407
7595
72881
51477
36142
22994
14850
48531
44467
6395
57225
72554
72193
49063
82859
80398
66999
18714
21212
80996
61809
16058
76494
60512
13148
35988
23466
97476
24462
12773
59588
76865
15845
54808
42120
76573
67356
15977
7681
20449
24331
52489
95576
85005
34234
47424
16784
80224
47811
74436
22080
77141
56449
60567
97389
92181
64134
97772
92620
94145
82076
68597
35181
47231
76763
12861
35437
45770
36489
31220
72787
87794
29240
46752
10964
20482
7309
63146
22265
94272
4852
46863
42918
64067
93022
87523
95044
73079
34503
10698
34317
62875
64307
70727
9403
12635
93574
68927
3430
43779
35582
69309
97896
32670
80448
79182
91802
87830
75241
95495
65492
15024
49134
75452
97232
68635
58843
2659
5753
85116
24646
1473
37436
75356
62665
41499
94928
45514
72803
77727
67629
83191
30497
92939
38497
70919
68452
25255
69757
41401
93584
43648
71398
95284
24406
9385
7637
13309
64755
994
94097
16038
68437
79706
94179
57679
18095
46242
71061
74717
91876
44917
21366
44759
55660
28490
21313
25266
81554
14689
13051
32241
82242
51335
26600
62635
20030
39771
87899
8369
6220
13539
91793
78859
64649
78286
19621
15131
33430
25849
35236
12574
55268
73491
2808
39123
59658
65390
19519
22928
35560
10979
90721
27086
61878
58412
39912
43886
76451
56385
75268
75169
85104
18771
4414
62340
29860
52619
28232
65379
86058
18881
38580
51434
87791
43885
30032
39109
15254
85122
98161
69958
92203
28766
49529
71998
61931
91056
73050
36359
9152
27569
36051
13629
59148
34581
11251
13119
82546
70741
83370
18850
33064
58333
34895
98376
52436
61110
64346
90929
29197
40937
37641
74772
87683
51540
74745
52425
91995
17844
84384
30614
8089
230
30118
11780
96996
8157
35808
60500
47630
48435
21054
98125
82716
15910
33820
41071
42707
29174
50552
40979
61811
281
15846
67000
6766
28303
45918
56399
98617
39798
69528
86897
99481
53160
33622
67532
5248
19030
30445
63644
32128
68963
83603
74722
58963
92851
47597
40330
56166
81983
12216
57461
98498
15921
45857
78667
99981
6155
1556
66318
22456
22855
56266
5976
45198
77382
82212
47798
38548
83202
3365
56477
71008
95472
9160
9987
57192
42667
77996
34530
41161
92294
59527
33540
68109
26484
62778
36183
89914
4182
61043
84100
31270
47506
83531
61465
12960
97045
91372
14913
7972
40137
34576
13552
19810
52725
67135
62179
72467
77410
91652
13676
97029
54373
38099
83660
38320
61382
16090
79547
19801
55548
91248
8472
30884
4738
11093
82629
33089
27380
96562
52984
63637
29938
57543
7332
54111
51023
33765
30468
78833
11291
20438
58486
46529
5752
69560
53105
86796
60312
53108
61559
59761
7980
97541
22270
91416
48397
77539
91945
21461
94913
58728
5829
26969
87865
12555
89520
22295
24341
49574
49467
55033
42460
86019
91389
27240
52385
16855
63361
47919
53695
14545
48927
77302
46594
92158
3844
47581
88359
92787
20273
26674
69568
82426
95525
62994
38735
67408
22040
10072
10448
48459
21977
81525
12343
32937
10902
23977
66128
78157
83736
68365
8574
37045
64842
74801
29895
33392
16557
24290
15084
35188
1540
14250
38538
96213
99339
46436
93848
89533
79181
86978
55357
90119
60592
93283
55340
4175
15268
97021
44106
59152
12747
9791
39017
51272
54389
32754
85115
62990
99621
16586
2576
31121
8284
59375
2814
11302
55386
50585
68208
80217
53266
71721
36395
94721
37588
99787
28241
78084
90781
3327
57680
20265
96101
5030
28770
90917
65853
58346
82165
18814
45734
75139
57076
54395
98573
94938
42324
29218
78347
46046
79680
70457
11925
74726
77860
36286
94949
95906
37248
50492
35354
27925
8673
23254
381
75879
93205
15367
63911
38609
46909
64894
54986
4112
98611
15120
68480
18182
67166
27803
55087
39885
65242
71118
45088
35904
84814
71509
40348
84951
42796
41395
88325
43372
86025
17488
26342
71231
42634
22018
5049
1927
15840
84634
28699
2314
28112
46844
28465
78742
62463
58222
42965
37817
99635
81307
57258
50283
66370
8735
47669
46650
41538
90273
93006
41822
63605
43888
16963
88882
59142
59364
62145
896
8077
28474
76321
94351
13770
42879
83730
69194
72274
98049
33354
34728
18195
63473
29605
47541
93731
3314
62819
16777
70379
91364
93118
18007
32971
7492
79478
2760
25800
18958
9024
28023
5634
40891
28000
69075
38761
2678
93801
83549
8688
74033
90099
87011
64532
74421
26810
88644
97064
5789
61269
54992
16302
92163
32064
70961
31962
48027
2227
26164
45625
68996
13667
64689
67212
84367
42347
2302
28072
29322
67505
64866
19961
10315
71917
74299
35284
72788
83502
71447
15041
42855
33028
75091
93176
9355
33049
8077
54153
90198
99395
24195
40021
72196
28072
78037
70895
31072
56224
28581
64962
50453
792
86550
45738
88600
92638
4689
79453
83527
46861
51058
35935
58063
86798
98807
91583
79732
28501
56925
28430
70442
63383
6496
39435
27114
44899
66536
79163
42086
69186
86467
73801
34144
4163
38665
7378
49824
986
34393
76073
70875
54166
4544
41255
20575
79446
39437
54703
82540
83962
92317
8460
2003
6023
63762
79098
69276
73281
21239
54889
85598
71704
41110
38531
74298
10865
69052
57495
58497
27357
63707
52046
44268
14992
5876
24707
6448
49880
93906
59587
20952
79472
68042
38606
58952
25897
17938
60174
43726
46700
93977
74361
50434
49808
7825
54788
53293
43390
58668
60776
42793
18860
34337
89182
83003
4235
75609
96160
45225
95857
93458
53801
10996
57250
96112
94615
92389
87386
21131
85321
88336
22767
34651
3945
35720
4937
2423
76999
31864
42708
47816
82289
57339
16510
5109
72208
90849
45323
94215
61480
97684
47245
54125
46586
14620
41044
11792
73632
85281
26356
12781
95587
77965
87379
64753
82556
59734
49271
34875
29797
93588
74677
9431
52751
54971
4383
79786
22296
25944
88093
83048
85552
18451
47598
65661
59772
14255
27799
69551
58331
44785
58986
12827
89374
91666
65864
54617
73287
96019
48322
434
73173
15512
51240
86836
25776
15574
98926
82132
49577
685
73250
93759
99517
91055
9059
96728
69442
24617
90548
28576
11218
31181
67782
40643
98267
85003
40401
84323
74292
74469
36641
2359
56837
35861
28860
9848
30839
78305
75472
2622
94617
98320
84090
85357
24494
65796
38530
39289
60661
85759
93919
4094
51050
28242
91435
56815
86013
17424
78315
60841
6928
49961
94324
92771
10584
90537
78703
20404
37893
28972
10246
53248
93629
23579
79556
52022
15386
14289
7758
76405
22890
22397
53539
37529
96339
17226
49330
67171
76488
90138
74674
6287
72453
37579
48858
56471
97912
89075
44462
17929
88915
24976
73467
38253
38191
98817
13852
92945
88484
38277
85350
51507
62661
8076
77576
66638
69191
38359
6893
43741
3158
29021
47997
73277
2548
85610
88924
52700
20551
62180
61337
14473
67333
59916
4804
49602
5698
96794
37485
96704
20069
14095
16262
59356
5047
33268
67832
83375
81437
31196
55441
36100
98854
18471
72295
6532
64570
90618
51302
71278
13967
32141
86633
48824
65578
42909
50874
8260
8075
67788
65486
44002
605
38706
89692
38042
95751
81174
71548
34933
11341
42928
82595
16149
59420
8477
16080
33623
74926
2600
705
69401
31802
92824
69655
28232
57095
413
84342
53831
2582
3263
54450
91700
25365
52110
92682
42604
94212
46026
86167
89161
55214
74216
19772
20256
38636
84920
97384
48445
94097
90143
17400
7142
54145
89318
56539
31780
65280
19099
50669
88551
29601
14524
98826
74493
47323
86586
14817
54774
10526
7455
68874
22530
706
57700
17087
69629
43328
73357
25370
59501
9457
12056
29483
97386
17372
60974
33757
24930
80258
69904
90150
57028
15485
97286
12669
58993
64030
89424
51676
86456
20443
26161
53576
12087
60841
48039
54401
65009
56939
29335
37636
19466
64809
80479
76148
66096
14855
11378
77842
41355
13680
94650
93263
93670
49977
48342
54573
26102
88552
77057
45520
80035
24139
15443
39991
96917
57571
2288
71154
32541
90417
83699
69718
10928
70631
62830
54916
72970
787
90703
90251
36788
89035
97918
40133
25002
54652
88709
17414
12446
85541
78673
93763
5927
33722
29849
44825
90240
89480
71682
38424
90715
74220
44111
94892
12556
73699
16688
96099
24190
476
41317
12769
96655
31367
83942
91016
25824
89155
87022
54466
62179
29109
88509
30272
58897
3635
60379
49280
40413
29839
88704
90385
15851
35399
46773
95663
72687
92521
51371
93653
17816
75339
55460
52681
51079
66646
85949
40243
68006
7902
74973
36653
93544
89254
95805
89919
76943
16891
41478
60906
39284
53637
37092
55208
16163
55539
16490
41153
7878
7287
3886
10293
52680
4117
7556
45544
84976
86270
15563
32836
50079
77271
59980
10058
96367
27992
7669
13052
98748
93411
1720
36323
31816
61691
42523
18252
11234
11618
11094
26339
16283
36857
44378
1229
42751
2213
87472
58492
4565
978
51131
65819
74098
6601
55966
42357
73
91282
88459
99638
66988
90580
49736
79130
47094
27570
18240
81667
93964
73286
41954
91560
3315
24842
63293
49043
23631
76994
34071
60192
18212
46625
49092
58141
17482
48779
94396
39161
6961
57341
58662
2852
82106
76150
8373
42294
33076
22315
47916
36073
52740
8850
47899
98463
88802
21996
72671
12602
48500
23192
77034
85389
35660
63845
28241
69549
89854
77463
15588
73315
41535
9799
47330
11295
23937
14641
14425
5062
49491
49648
19902
2308
54052
69965
64236
97434
63749
87551
38101
23484
87744
74762
31419
52378
9622
63884
49980
92138
11504
74671
75371
75838
26022
63006
48149
9723
2629
73473
6003
87676
70800
1547
29203
42537
71815
18915
48805
95563
11459
449
51579
70157
98378
31117
22200
10494
71400
69528
56526
46351
78136
11224
97184
54599
7748
49875
17131
90089
75642
84506
12339
67383
96306
99247
41109
87098
7702
6612
60553
21026
94433
55305
73776
92604
22518
33327
38876
78268
45731
31721
10633
18869
39574
66200
87706
51608
39623
24416
83745
51167
52672
75351
18761
63298
79520
5230
59806
95754
62548
83880
63059
42848
1573
33606
64982
35535
88944
62401
9714
62656
29441
27086
6592
22433
45413
72997
46924
7898
54686
23927
57197
56302
96286
7491
44246
65231
72608
56109
38928
48481
30154
69034
26433
84063
61540
2599
25171
7344
41045
25278
70743
41241
32450
9600
76964
53074
75408
64876
50182
65572
30412
80711
6100
13447
42820
66774
34367
73612
91816
3538
17084
64350
96066
31049
68409
2120
79722
46040
47336
99802
66036
5651
8747
89115
61703
57220
47474
5825
16241
84416
8020
59146
90716
6212
20244
32825
95934
31267
64056
16969
26413
84472
78557
19266
25959
17354
58523
58006
7441
13653
8209
45489
18769
38221
66782
5879
72678
29770
29396
35291
10737
16551
93113
19788
80007
30533
5149
35383
33453
95865
24578
3015
69998
15250
59156
70208
5595
8170
47148
81222
71084
12444
36032
53324
66334
61848
47383
40497
36259
78044
3714
10739
34088
44760
78210
71366
26477
34910
81478
78203
79013
90617
48240
45709
22403
53594
13690
92666
17772
45923
39088
78371
27307
52518
79882
10456
25996
87771
23689
51554
12701
95351
43455
44364
59847
18605
64316
39622
57026
6422
45161
50924
9522
48946
56404
23080
16692
60877
31626
10481
22440
69738
70536
54243
5147
18839
3376
48922
78941
74083
23688
21934
81574
95302
93998
92180
59286
1931
85798
46340
94232
74099
1145
2128
24401
77499
84453
8239
99029
17154
76996
93511
17808
7837
90403
54886
13097
92553
73224
83035
19007
98264
51884
87768
95502
90197
39224
66186
51823
80004
78851
46274
79582
70123
1100
92086
23056
81185
8392
31316
92199
80311
8988
18981
46683
65516
16036
2164
31860
10598
59091
96599
93419
61389
32744
8502
30380
77641
23508
84226
93382
4626
87883
65577
70021
37939
40898
67760
3852
81901
64432
66198
55863
72390
52188
59515
75470
7704
15333
81661
20544
42006
57111
46568
99599
41225
48346
67300
63624
72746
24966
27715
39402
86198
99104
61370
72126
29316
52363
58097
35991
38520
59237
58706
54348
15046
48521
93984
87713
15956
33693
14045
42611
27071
87072
97331
67294
49992
79957
36778
79324
54197
19522
28354
85358
80862
57337
28631
5608
34735
80583
45483
36876
22491
68001
50010
30886
9548
88538
18708
77270
4265
77741
50531
34388
7103
98819
66729
33254
13195
26266
96826
45111
98825
58844
16082
11326
44064
77843
57933
25228
79768
37533
3567
80939
77090
71534
88749
47387
66703
12689
19240
71198
58534
72452
458
60329
82974
48769
86146
62496
14937
62019
19583
89333
37820
58779
42991
98926
82601
16584
86041
8115
18155
7107
70259
55537
7886
22049
48329
12562
43635
64709
51995
25122
51373
30026
71923
48425
33869
47277
14685
89030
7887
45700
18250
18745
65899
92899
97610
58748
9964
32050
66065
52148
53367
29808
9561
99390
52449
61140
59230
39609
86292
87241
29479
61310
77708
67444
15808
97719
38127
43772
40558
81143
38440
67028
2537
86144
20196
60596
35735
63173
8913
40621
59761
26152
39575
13759
69311
26526
56232
51055
36666
45314
7944
40048
80550
857
32915
92607
26344
45101
69283
89757
92289
87813
62920
68196
77485
68985
25638
78003
1671
88542
87810
92750
71867
16980
65113
52310
6411
90463
64683
71637
11611
72669
24338
80129
61895
77664
26026
81887
28067
26534
66325
95619
18527
36544
18084
90338
8361
61179
75982
66036
26214
50342
76680
7449
36213
731
89535
32832
10713
66910
82876
540
25315
40107
86833
52892
10915
54667
48079
90172
45004
39537
7535
91243
51518
58794
45229
12808
27675
84038
32542
28281
34418
75760
5930
94260
16737
49553
15208
31369
71954
55329
94877
15712
30162
19571
30309
72157
2187
21370
72743
34302
15486
1788
61174
99703
97143
50333
17912
29843
44179
47004
15048
98412
33291
53408
53838
18859
80407
18217
54724
9384
35452
61378
46629
55278
50449
92264
43806
95778
8348
86091
19927
52801
13434
73249
15161
75468
12677
99117
14335
38746
48757
92996
84585
38406
82665
62165
61493
87720
33523
84097
84292
87535
9598
93318
84036
24945
10606
29968
38661
45697
24258
73118
80413
97705
26886
53487
18340
95521
32589
6365
60571
98490
13428
62945
50369
89019
6279
3166
23814
30946
7777
67601
58491
56677
35646
82496
28160
95735
10070
59600
76417
50513
58671
98633
34751
75914
41398
41369
48108
40763
81404
96477
13221
48773
94811
38004
97392
34550
44607
62333
74790
94686
2358
28804
69551
52618
43513
52285
50057
64148
28475
46456
76638
15001
85255
93838
42379
65107
99487
85797
55648
46339
27239
61857
68613
39447
68219
81918
31285
55109
52683
53696
91938
72348
20768
69304
27144
98416
60724
92666
16209
34419
32033
32308
87008
96282
12608
92623
29949
91354
73458
77435
61772
92502
63041
34615
35695
29510
7633
96280
25068
34258
6729
42592
75456
20367
64469
50044
31145
60135
37838
87199
47854
94075
38820
54546
27811
54708
11369
15844
17022
40792
61777
96753
72268
15296
52558
51659
17879
74497
60032
71332
30967
12576
33214
30686
71253
832
89653
23428
20985
39636
98563
61010
68106
62420
77919
82430
90139
47380
79225
2798
89017
39169
2021
84902
40607
36499
22141
19529
41170
88381
13442
482
31666
54544
96759
25115
92308
6698
71331
64856
15535
16880
24647
55615
73203
57018
65309
50357
47864
5814
68642
10182
15752
12383
64601
89360
12285
75095
61219
53299
11758
56662
65685
50550
44547
9801
19243
1634
59403
1155
60537
90337
81746
36770
38676
41813
22717
73261
87167
53768
93816
49416
91736
75484
6210
75331
79125
48095
98475
51822
34812
65893
16027
51076
73352
81092
45352
55799
68061
69674
71432
79266
86798
20330
99804
36605
69954
549
80593
97807
25240
55695
32604
62232
71022
20110
32411
50041
34549
22079
42268
84032
11187
77040
74614
3109
23491
84301
97112
96793
54745
78986
99783
67130
6743
90557
15542
12573
70737
56536
29503
35487
71724
20886
7113
47028
23904
98085
62813
79672
74903
33940
83462
53989
25933
83994
10951
79255
49353
11728
50588
36082
61211
30978
58113
26640
40843
57721
76709
12904
43113
60067
47661
17988
24766
38596
94192
62932
64089
583
23717
88944
36498
18173
15730
651
52613
68701
15954
58514
24909
27710
76444
31392
32305
44276
4190
38324
67913
99697
26609
10020
42126
39692
3497
3745
58760
96951
28190
9182
75694
33038
75256
91690
19931
19777
39272
91874
28586
67652
81298
89149
52886
67447
88248
8424
35550
67686
93337
21223
5278
95373
86993
34250
50628
71489
38721
6505
20732
3396
2113
35348
51536
69269
9556
33835
67867
69211
7260
45493
28118
68436
7118
17514
78016
87577
20971
97236
78034
153
70670
20017
52751
31101
49452
41514
62472
2707
80258
72709
5728
1230
55346
74746
98554
67272
86960
68839
38018
85584
62423
33766
11856
46693
87240
7865
31096
31388
66389
67519
43711
38123
96697
89429
62300
52413
33117
35618
91973
93135
67426
28706
39605
59638
9383
5243
95962
75302
43937
22856
4906
35562
71169
92394
37345
40857
82821
90473
70819
641
44838
89243
50747
746
3740
82151
29750
55445
54508
73021
72409
63929
38737
41494
30861
19766
84926
87862
39181
90313
6489
49381
6230
19354
85716
86570
21928
14668
53052
32606
32653
79396
44363
84265
7234
47969
78744
60678
50368
48431
59449
92083
81490
56250
65483
15918
74263
82720
50530
80188
88452
19248
7009
82590
27538
38504
15914
48822
17515
96016
64906
2019
11659
14975
28919
75525
81942
29161
44886
65567
25108
32583
51512
44077
67759
62170
59380
50014
43416
78896
66035
8524
71490
11216
61772
54103
90918
33244
42276
18465
83779
65407
73498
98501
58825
20671
45966
89736
13348
5812
70993
96645
73105
66898
49569
46102
74260
57634
47564
58627
57728
8791
50450
50698
95529
11941
50433
73464
31791
3857
91914
76158
19496
43710
43894
41372
5845
49838
73432
83703
43291
82385
79571
78001
30365
21206
49470
48547
371
48399
56328
95509
64276
37360
95763
54899
62915
42554
5629
2030
78239
94996
77829
24703
44020
95894
36399
22590
88428
45926
53020
70807
14947
77791
46982
79894
86062
31869
68380
87649
53564
95713
51653
67776
73053
7851
99083
82313
31640
5808
51328
6714
24671
6228
18417
51714
83386
86533
82778
19612
85507
40400
26488
11541
92882
68723
55490
64579
8624
99566
32072
51487
30631
47352
90443
82567
55730
33207
66129
46829
77467
56094
71670
99594
69889
75380
66310
7582
61563
36713
61942
68961
61740
3239
75214
50433
33000
84144
87064
51736
50038
76688
88042
43026
48574
30999
4525
95439
15351
48237
99549
12208
74445
35341
34426
47713
45199
623
35949
65935
87769
19789
32359
76650
34749
70101
49540
42126
62239
85443
73434
7914
22634
38106
81067
91447
82860
18961
89930
53197
85356
28100
90229
78388
8726
92448
3237
98822
65361
96849
99101
39238
83905
68856
80231
58789
56807
6142
82114
61584
9626
56127
97052
31009
53191
29659
26036
44072
80505
26529
20025
8086
35983
33029
35803
22610
27517
57671
37165
4517
97455
89440
37569
23602
46152
92940
20569
27505
45008
34159
9968
26488
40306
3954
23568
68430
79552
60250
92144
65747
7405
52536
49821
81699
68904
87090
30362
2434
50000
259
58218
59581
70398
52737
15643
38830
67251
24864
15696
96617
95994
99865
80042
89653
77615
9278
45016
9278
73837
42254
87607
29824
91667
69001
23373
11754
94943
76933
33046
10332
65682
58560
49515
19193
54567
67237
35206
70833
20450
70628
77026
2767
27041
80359
62878
30786
35647
56231
91588
36110
86735
16030
78167
55355
79987
89272
3307
68182
38931
63728
4614
64460
26789
59092
44953
22581
59343
85894
23223
62416
28896
7945
21033
27852
17174
68146
53854
23753
83094
88848
26161
86321
65029
38189
65919
82558
20634
23203
76411
89088
31924
43743
65627
51387
37156
32722
66889
98167
94480
67930
33767
12538
37383
75523
43069
49767
57361
89184
98170
20401
83766
87399
57617
84286
73046
73561
30595
62765
69712
56766
3147
17643
6890
18141
38289
81916
64312
79622
54225
78687
50666
30127
43397
60336
43773
75710
32397
61304
62761
95735
162
5070
84800
94714
1260
26571
79890
50561
37262
46701
2780
81599
52045
45407
56840
58626
89233
5742
27347
123
50260
58991
62434
7997
18663
26380
28865
49070
9157
59750
25259
37435
33970
91930
33545
23045
34175
83520
7677
52126
71292
28376
57177
71484
79879
49720
37857
95415
35182
88176
47187
75754
81297
79264
4820
41882
76472
94960
48503
60337
89201
29805
16984
66276
8659
56183
38520
34318
62667
60682
68387
99304
63054
64458
94227
80386
88848
46981
93053
28864
1429
52388
24066
818
54182
34852
82957
18210
81341
9799
45281
87418
47205
91039
73316
64929
44415
49012
24530
50499
13809
52231
17217
71844
7756
34669
82116
56795
69984
58011
20121
38756
85860
31567
81492
16679
28701
75264
11644
43264
45925
3941
61097
12294
37801
75716
8031
44539
86055
19212
78235
55286
52675
53837
24889
43435
31627
39904
90367
67909
20176
77548
26461
97257
77577
28413
22437
58564
3912
71068
13089
63241
93512
1061
54197
24097
56600
40434
83518
73819
78984
64510
25070
6834
88584
94308
90729
86679
93282
51490
22800
52373
80037
64709
99747
62646
26886
14790
98785
79834
25050
96449
4323
94955
1165
91411
66423
52543
77
28206
32891
34820
26560
20668
33540
23896
18479
52300
67830
27611
33856
91372
65128
75291
76221
75789
67179
75196
71899
64546
48556
66275
89718
42274
37461
10041
70361
52125
73635
50650
9640
46897
80964
8651
48847
4758
62745
33092
71579
63589
29347
63723
6374
61104
85668
22276
11107
30857
10963
81719
48931
1298
31059
73025
36091
50392
39068
39922
1041
20383
41685
23165
7272
63673
54073
37077
93524
53763
88003
32982
27775
272
14309
45680
46524
26259
101
13124
90805
9743
8986
2553
3289
6502
35456
47361
67913
31756
79457
8066
43699
95430
70215
83577
30730
26096
67804
51123
3274
94619
41442
83289
74602
31881
53124
9314
12409
44468
35215
7665
22400
47427
91041
40445
86212
54965
96255
91539
56265
83359
47163
20758
55646
82622
40919
36154
8788
7235
61928
15538
51885
87160
60184
45597
97537
93198
34457
66103
81316
71273
90667
90886
59166
72743
81400
78908
83984
17702
70806
89591
90965
88165
7655
6120
39716
27338
61551
9434
58897
34523
43529
23034
86489
64702
86783
68214
99102
57259
84367
29114
94542
17278
15667
83168
26563
77028
56494
22215
35088
80223
59871
32535
60874
62421
88816
78491
75276
22927
68757
38507
32082
3583
6738
2087
34925
31913
67955
24481
70184
45164
5945
28983
57018
41457
4604
87029
82366
85871
94304
66187
29754
52997
66183
36984
74596
24127
27315
17232
91124
28419
29673
41971
85046
4104
1734
97170
24366
92802
2879
79992
74265
19948
74556
69432
88631
73638
22620
54918
61354
35928
39016
78621
11799
64588
79852
46838
17566
16297
5164
63800
82963
32216
72928
69091
72779
93115
46440
86833
84975
65609
94039
55816
36458
87061
23407
57750
62077
25107
22710
86646
60249
71436
55897
48252
93496
31746
12471
75263
87256
28947
12322
39877
727
74491
40027
68680
59635
15942
5370
85552
6453
85991
49297
9742
41557
40239
80772
44829
44724
61482
85923
95349
75354
24282
68809
66649
16381
36460
15332
44648
44706
16470
41953
50259
91557
3210
41493
23568
27365
83800
94156
91214
89069
34099
17431
74336
82866
51608
44535
86622
10330
56893
76825
45920
64677
7599
20846
99907
62920
21605
96274
52058
53304
66662
46835
32231
4805
31971
49396
94545
56072
79741
13405
65786
34919
59396
63556
68079
965
12702
34203
92458
95606
77011
18083
53306
25500
38404
46703
50945
21118
58204
21263
30699
94201
12694
15762
38550
47321
13188
54363
12272
4196
79196
20462
94131
34716
3173
51678
48310
8358
79233
24933
86760
31447
87804
74573
26235
56614
18592
47876
22442
92085
16372
77866
16121
31038
73128
87843
47666
56341
81511
42740
91904
30909
28475
5321
74868
41327
63382
3701
66112
91006
89792
56736
50580
81462
72454
63144
54454
9934
95373
46912
56219
4365
76728
75605
54492
13903
46607
15668
99129
41992
60141
35084
41710
96399
70309
84961
44743
61166
32322
86328
84925
26316
51938
1822
32779
80473
6239
27935
20340
48436
9182
83960
80295
17410
10382
78301
75077
6652
12709
58403
81939
54660
44169
31699
34134
54709
89672
61997
70858
23945
39250
60902
33362
89852
80526
50058
6359
14344
96029
15634
23123
60836
47898
78233
57001
19378
39105
36148
92973
9965
37719
76450
27674
47343
34673
48554
41352
79954
66563
93567
4502
31160
91143
40463
82004
79869
18509
71450
90159
26724
57121
43691
48211
52166
65703
68858
63202
40984
45731
77140
56248
71721
75096
68554
16119
87595
15570
96021
15091
72021
32847
24038
88241
23082
69318
20123
33666
3916
26139
63301
10593
51553
5560
3661
65464
5052
7869
84853
86655
17562
76359
14337
62934
90449
83210
79033
94561
39736
72510
70142
35669
77615
95024
45722
1488
48041
95140
99533
71506
7592
1648
24522
91203
75406
83721
50576
86227
38238
3233
58874
26661
16931
14131
25929
86197
30779
33678
56677
39251
69783
48292
5056
45112
40973
18409
4562
73411
72023
11696
75632
23256
70761
84806
89756
96951
46659
39148
74976
11902
13287
51961
4649
11080
16847
29653
50841
80599
20904
93448
84046
25679
76493
46783
45284
36052
8340
57180
55796
55369
99841
40211
16925
11053
14056
9099
10587
32999
29257
26308
63326
27559
49485
62929
96138
38028
2674
96794
20133
73685
83232
67190
89190
20973
37579
80410
14927
2096
68953
56635
74124
46496
45626
33149
87019
3709
71216
11446
11009
38255
62439
32609
31088
97038
16448
83823
67207
80608
32314
17301
9675
47526
28757
63399
691
2088
445
6315
12719
94368
29897
30672
38781
27062
90360
94107
9595
64988
33524
63300
46022
9282
14332
85456
90531
90647
1662
25112
59270
73770
73634
46460
38919
94896
1179
58139
83251
29771
24807
37136
10713
67161
23399
88370
44068
71079
51663
35253
75062
20127
42575
21732
84537
84564
52414
87080
19944
73036
10803
50848
21524
57025
47283
73261
10832
5554
60573
69610
95834
63531
38021
2702
18890
98679
5296
88214
76529
9308
17884
51830
63861
21074
37382
92638
31354
77215
47455
68929
71165
10076
38020
2521
29205
88262
37009
36096
49638
39344
34040
18253
31230
60632
76017
8770
48072
45502
30616
80645
39708
95999
11443
4525
57345
24524
71245
90001
95578
30507
69891
15704
84251
10028
19464
9745
14763
83982
40139
18058
57013
85302
86321
39634
96609
93625
73708
76365
31151
18229
55874
56213
32822
53511
868
90434
62005
72272
41947
25012
53584
12558
25272
5074
49752
6687
47599
31197
37639
20400
8457
12634
70674
39069
58714
95513
62500
45160
60083
79744
45223
13978
89130
43308
47660
30404
51094
869
58170
42752
88498
32765
77526
86175
90620
52727
68964
43772
16532
8107
54257
29628
60020
61362
40484
27185
21888
3309
77016
47098
6952
2870
90471
23874
97762
27448
51763
65495
16849
74030
4266
2550
29482
34155
70598
63350
962
46023
23012
93532
52067
35575
93413
67172
41602
29787
61582
2210
68246
50980
83327
29471
86129
12734
14607
36577
19234
42454
6612
75588
56812
51195
63494
35313
5489
87931
95913
32508
84058
68224
52859
51494
298
51066
61426
31295
2377
26833
11020
31223
33992
50079
56426
8886
61121
95306
99965
22935
5589
14142
48189
73333
81115
64773
4439
14901
84834
42864
13253
58221
7583
58186
80434
37825
16163
58841
37605
73781
90398
50695
25609
68114
15226
55064
89463
74702
53400
78715
72385
83389
19606
5542
65612
14629
35206
39107
61438
73301
1528
50483
45748
91087
25414
96257
87623
95039
37151
72063
54768
2311
99527
87282
95020
82164
6523
14385
73591
66951
55608
43821
49475
57648
76834
14390
99468
17799
47739
7781
36300
67097
61695
38584
81109
82096
91341
59665
11898
71903
66642
60012
70650
97246
73090
12651
72678
2684
16739
42562
93284
65112
27375
90874
31703
35577
91566
74411
23285
19794
5315
85091
46556
28675
82221
17318
58378
42985
82352
64758
79453
67866
53773
99996
70885
85099
22095
35999
50624
41927
75864
94348
6146
58967
53215
30162
56294
88915
28394
72842
21394
13405
11345
9255
83583
73703
87890
25746
91066
23881
341
51620
50095
7217
48580
41877
23429
5825
96346
36129
58681
10058
28728
36012
23015
70941
32515
39420
63008
81871
76569
82894
34679
84871
72377
50429
54888
83444
23135
7684
61403
1985
69398
15473
6501
13777
76738
82954
36798
53879
31201
67848
31946
10651
55065
9291
29237
74655
96604
91191
54905
72169
53465
96399
93083
2612
98758
32401
81703
25551
26612
55194
83642
61290
11303
78588
39066
415
45495
77824
67077
16119
93141
82877
52273
65132
93202
48605
97549
85753
39316
93010
33005
10454
74149
47237
87412
99271
43258
91269
84122
69703
70933
63187
45067
59002
82940
71089
82816
77751
47884
92929
91029
75675
22976
28481
88031
52945
42375
68054
6476
17522
86397
32859
3273
684
30984
20364
84471
28459
41678
36679
58919
69988
48950
14233
17998
5510
66695
59853
45366
91854
82940
41901
87355
26310
58830
53954
88119
7212
81977
24427
55567
20851
31539
74414
69212
88528
65171
93437
98897
94762
64875
47344
35454
49055
49311
88699
55221
5380
64392
73805
80566
64069
43681
46583
57704
18520
67664
14368
2597
31773
6425
38456
31079
62896
97737
10430
14080
48833
90171
19383
12869
50957
30289
71871
63703
89745
91228
36080
61662
91990
38043
12844
2531
13763
39321
33606
75886
64202
20757
1465
55822
21072
71846
35544
27213
27243
66031
43297
55625
15209
10816
20121
80602
19530
48228
57565
59342
71977
16169
31821
26451
70092
87863
51685
86527
96869
11313
58186
38133
50996
6837
61533
52700
79103
72361
9451
77650
24285
72465
38651
50971
25202
34961
88927
77933
97161
46080
99611
28148
44486
91543
8233
92013
80773
77229
88192
27621
10721
41987
27606
60003
86390
24665
16262
67824
29980
74792
44431
85896
60301
64034
81427
47754
78794
28993
44991
43092
75813
47324
11304
37023
21826
28388
29117
13737
17550
55140
63588
49160
23603
90466
44687
84066
76721
91845
95395
50731
1357
42701
86180
84913
56135
44033
57878
75756
2886
76895
26264
34932
41017
30175
58537
96138
64265
1235
78954
93608
67020
46275
63882
82167
78678
17327
91398
41877
14561
52357
51964
59129
97993
58428
66832
60854
97723
92381
41284
52909
32559
15713
27924
39418
44811
64122
47474
49541
30891
35516
22454
17412
46989
40908
11022
3282
23084
62965
3743
7256
668
26388
44617
39199
28706
96801
93690
62242
21129
20613
62856
51241
82768
24367
76964
76559
93400
48718
52371
95658
91060
7190
90085
3351
52186
84100
68803
89490
91715
65739
58126
42952
76503
28366
55568
79427
90162
63783
53369
12183
5371
1691
65077
7478
99950
69624
54044
99214
1840
7658
14452
15720
47891
4014
94719
83479
84134
84229
22747
38725
93373
84810
86822
44976
70513
84967
66603
26090
975
67616
20979
99142
7275
16064
61864
37935
72290
83726
45303
96451
94153
93521
41637
37559
8857
87041
6828
45275
89076
11235
91811
37769
58881
1040
68155
97083
95049
65844
75925
55613
728
32803
79489
36190
12039
73885
41058
41015
50495
48822
69075
83053
24548
77986
71994
57024
56150
62996
99718
93070
42322
41185
48202
67785
96512
73495
56387
23697
51509
15271
87477
40042
65404
32271
33863
91453
91195
90149
98038
18035
68728
95815
26880
16603
17561
57149
65567
53740
21672
36217
28820
13596
82786
85832
83157
77713
38754
81701
24447
11153
32330
59921
12221
87885
95611
22916
16110
20758
92377
31438
28355
31433
58836
25453
7723
18807
37980
87017
44632
64344
69243
55658
68280
3064
42840
86427
57059
25751
5148
2555
5918
77048
13789
94770
24505
38833
60912
75260
35719
81352
93366
39779
89286
89866
36467
96720
27297
61809
63404
27959
94558
22787
87848
3544
70115
26698
84687
92872