33683
49345
43813
58513
53744
27542
2406
55234
75932
75390
99129
36165
89082
79844
25822
75711
29680
9293
86828
91529
28589
4156
45153
9243
94806
29024
47310
77030
43942
53390
15943
48018
11047
52520
43396
56566
26319
1503
13925
56491
97707
27024
20302
57047
17269
72439
60878
83793
30164
76409
13272
67528
35413
88415
79784
13245
17995
57712
14038
6122
76237
58005
58219
41621
83632
2258
57157
65796
79113
41424
41324
94197
6997
20658
55931
57440
55265
74409
46943
24054
38263
27865
62668
22776
41806
69767
84321
74835
12882
96710
56828
25994
93636
99954
28012
30914
96561
22407
81661
4664
24291
50623
90844
74595
94539
96505
65058
39024
23155
68342
2947
17225
68105
5868
1692
21946
38809
97154
63796
73925
18457
50089
99195
96321
13483
10188
36500
49011
53401
82154
78053
75984
69952
28290
1457
63324
57921
58661
1046
70761
95604
6784
13048
62623
57657
3606
33454
738
99051
22952
62428
474
10382
3592
37615
75885
72554
96977
75772
9670
78808
14446
98451
5845
21748
23833
93689
8867
47154
77334
81988
37690
68519
15072
20048
43226
10665
19715
62491
67554
78820
88039
86704
40860
49346
72227
22940
31643
18505
83049
95419
35326
76912
83279
69762
52301
14992
45291
40183
99426
16
14584
79441
35149
85687
73871
70088
36198
76672
41964
22390
40207
40488
80660
64873
39087
27495
91659
59250
63882
29131
73035
96900
27546
79887
60256
4968
26641
18320
62496
30414
96619
85764
36957
86969
67841
18977
77419
35793
32845
44455
55772
32553
68860
70413
54961
58163
51426
10300
84290
41556
46358
37908
45677
29453
43385
40602
12125
79320
44940
42241
22944
84260
96902
11515
43656
13279
58221
30960
29659
30422
50322
55620
81110
69369
23994
41329
56730
32269
89957
95101
8907
56403
70736
41603
60977
36908
11039
38436
33172
88318
71106
49381
67678
81659
68114
48714
96479
8790
24878
74078
99219
70175
29008
15034
88295
98399
96165
93122
28972
82286
43090
10979
20165
10518
90822
77889
65395
97050
15863
6655
73463
16681
47299
65482
28879
61050
94784
12811
38630
53219
89381
70284
98617
21838
19794
93738
54656
33793
15186
19147
92518
17603
72934
68307
35330
32433
38322
62076
83664
68491
58098
54181
2442
28048
15764
87538
25027
45961
6192
33206
87079
19740
69358
5710
76655
18504
74245
73966
4524
86351
11513
95656
54126
92611
10415
47363
49614
80953
94334
7016
44254
87203
44717
99021
15230
56451
47076
56594
18857
67850
1582
25799
52747
26292
58640
65491
96912
33262
80528
37412
29234
23285
81462
9612
88741
15995
99546
8626
9055
92678
4606
35891
45620
204
57133
38350
75493
72510
20483
47928
72179
75511
20799
98944
22471
13874
45909
87141
94287
32759
79826
77834
88676
724
62620
10465
83857
10158
78010
14683
73930
25900
847
33241
41682
44834
91242
61447
76789
72118
81466
39839
34206
6371
31026
32423
50502
87468
82612
39442
19438
80875
80065
99556
75269
72146
88024
35207
33247
45769
11312
85451
74818
9603
92734
37330
1335
59738
506
39149
56706
30028
78609
47674
27037
6367
63740
59437
15774
39275
79192
66176
33727
53658
80482
85310
79804
19004
78193
66780
53610
48011
44057
60959
81493
32701
28225
25647
89510
16518
1460
5307
29206
70906
51234
39801
60560
50676
13526
17101
11227
45760
81668
77826
36011
74122
93896
71424
54052
19481
30818
21069
1494
46256
11313
22651
32402
20647
77568
64238
29845
20715
78173
27057
1734
27076
51565
61467
65258
33504
30541
87480
89349
91375
95105
88306
12642
2675
69335
54085
6992
41642
53162
58941
57417
10316
49778
18128
22304
93641
97435
15517
21849
54210
15830
52698
15199
93260
58346
86296
92791
22231
87590
46361
15459
51039
44537
61742
4027
94664
36816
7626
19794
23878
6588
87303
38033
57793
89573
77996
80224
41433
69192
98423
27557
19237
5487
46398
10260
80715
17558
280
3044
52609
19675
7995
9598
96703
79112
60988
89899
27985
44375
5255
51470
58177
67305
43705
64065
78777
51337
86851
23193
52090
16380
34226
17082
58853
77994
74136
14125
10911
66427
76369
29869
38657
77923
4211
45612
68224
37318
2193
66689
62048
62965
1157
26165
70919
74371
91459
31641
99683
29748
32123
8642
36835
79320
18503
77512
91220
42672
68616
97529
93334
32358
65922
20039
63520
87764
79179
97320
5550
8504
61229
434
34205
65899
70824
37336
24009
14092
8797
98691
60514
68199
41869
88030
24644
73620
47922
43151
60681
14484
71392
78497
27249
66057
60348
88675
55514
33919
36071
2922
60806
2998
54997
69493
87358
87864
89643
76718
56124
27512
85741
49761
85020
80190
79320
79910
75361
81689
57416
34577
41108
49326
23567
72450
37129
76865
6592
61344
61258
18926
28234
81968
29422
16671
59021
94168
34113
7644
4279
50376
91471
40148
37020
74599
5821
96160
32338
41286
29518
11778
54151
51244
48283
11539
17129
18895
62805
21081
80483
98581
70670
29147
69457
66395
36311
38973
29959
48394
67562
52386
77023
56660
56855
55926
1648
62989
92590
10395
94371
97083
61673
77436
64943
81514
90005
86161
10406
76763
28015
17023
51014
69309
51765
177
65517
3103
54294
43237
18429
69408
89705
99989
2
84331
97789
43938
82148
80364
69830
18601
15299
68144
91867
23818
79240
65361
63976
82152
50916
35827
39206
36657
91906
22660
98141
18822
29607
5085
5118
96753
17363
71587
83268
83371
10218
62020
54782
35161
39010
74042
51383
11443
7979
752
4285
99288
39705
20928
58750
70744
70150
60072
57928
43270
89355
56703
85291
64178
96990
97272
67997
22960
61569
24594
94848
32649
56635
12531
35651
99013
74217
13515
5035
51052
35394
61214
38953
32906
71438
29397
53392
33013
11224
19144
52243
27598
1141
85616
81650
94287
95773
97895
69544
81390
93001
59496
42194
90246
14678
36203
19019
44923
12461
90055
68887
21966
3713
63635
35430
54537
58587
37102
99262
45038
56075
24878
79083
42740
26448
53431
67878
35853
19422
55055
65205
69408
29715
46430
12394
55780
33093
69537
47087
49782
37890
18436
73379
78528
65033
3824
71455
11139
93339
15420
51726
83196
93041
82041
52044
31832
1280
54605
60888
34049
78941
879
34930
21904
99133
55677
33433
26227
74097
56832
70930
4442
21058
24757
92730
42130
33685
2519
86754
50182
18216
51651
96781
56159
60776
59395
16235
75554
80986
50585
66445
59537
19452
43424
71866
52333
5249
84704
36525
28453
4291
5423
70625
32934
45924
22714
41606
57372
28486
95759
1973
64769
19656
47952
39819
33574
7961
11031
28712
60835
65311
9284
61822
67960
40209
38725
28210
17475
91961
43234
73784
90860
55723
8900
21489
25394
4771
90790
74322
58073
52793
95097
75329
66516
54420
48435
11081
97657
21955
44881
55886
60584
70563
29511
29853
11997
72507
11958
30315
20753
76590
23255
74809
62890
56852
26817
20857
27740
11206
75717
41215
91653
24066
12413
97653
9725
87943
41043
83308
88697
77013
57976
75108
70553
16627
72228
23220
38083
76349
19231
6635
33869
40514
44091
50886
44063
48102
97346
42139
61191
53993
88409
17952
43204
32653
9293
668
71374
47470
33901
17029
77065
50526
31353
5565
87345
1545
35944
98207
69934
41243
1311
17669
51430
56531
85784
19782
61024
29747
79869
31750
68753
17132
15256
72616
16652
37940
44757
52487
80481
5078
60537
52267
54018
55884
8299
6020
44069
46669
9503
24433
80643
3372
7240
36546
11927
40741
96263
56966
54418
50560
32902
233
27032
4942
49517
58979
41455
91071
48124
5392
56917
48266
79525
67510
21893
60553
92290
77595
57207
42084
50870
9873
64929
27057
77055
59228
51113
77882
64117
94920
53741
93529
60337
53535
48147
54533
9860
41297
50007
92121
15912
90978
9027
1398
25528
99024
9010
27488
60153
40791
61056
19829
61322
24429
59133
66207
41746
40387
36744
70512
82117
14306
65401
85401
4498
3350
27981
78389
50140
5807
69760
96123
10444
32408
9237
96984
32306
52540
41948
18373
97803
65418
46511
55600
8658
49660
23064
96055
29192
69379
62843
41608
65240
14082
20848
50325
34866
49146
10931
48205
23458
83783
20177
1429
15470
18864
65340
79886
82404
91886
63477
41259
60091
386
96388
49160
70120
13679
36632
56100
17384
16615
5385
85786
76148
26986
30731
47342
80868
38068
7761
48760
2470
90682
39652
2541
91311
42920
11059
76824
75892
68314
37652
84494
68084
6642
68802
32646
47776
87932
8421
63429
23617
49441
52610
4340
17837
284
3586
96657
61661
72898
58404
89104
66587
85362
67084
85263
69115
68293
7675
41125
2726
67473
70555
81939
924
37482
92051
90088
5037
29499
20007
86823
62052
16735
51631
57250
95282
69967
47932
54916
20569
77491
46775
44468
27341
30489
61515
28341
62858
69356
65154
87552
90069
518
32348
91981
3731
57652
18536
45008
79885
94579
48908
76249
84915
86637
21681
56816
63576
67965
27841
32370
65813
44432
18116
30477
66718
60768
90413
83095
87612
9526
49967
12025
16309
33263
955
82776
71142
94910
67756
11623
36611
58924
30691
8950
54142
54361
5884
57263
97531
17399
5806
64612
7656
65531
48295
94299
83508
56021
24596
52003
77305
53245
5906
21787
67299
25278
62935
94864
42274
83896
80589
67793
53429
69807
82968
30625
37614
55638
41679
86597
47445
71449
68226
99168
52312
6822
7799
77055
15159
27497
85830
98129
50900
83910
47474
90050
38496
1920
84418
30393
73140
17721
23041
31136
75194
93895
62011
13968
2383
64956
27259
69128
54744
18403
29714
56151
5799
7562
78497
15831
93921
20998
8340
72176
43142
75640
63558
654
15280
99006
61996
19234
93912
9279
27488
38214
55856
30140
31287
96820
70824
11091
36052
59678
52425
42045
87784
87351
27226
21488
49813
36132
77682
43877
33551
78843
38601
30405
13128
26621
78238
64238
8148
88300
74964
70724
21854
11890
5377
43665
68314
24810
38614
91742
53259
22529
46889
28714
96869
95012
34041
54034
42586
68039
79636
48591
99660
10092
11264
11824
95555
53790
41618
71628
19451
4641
9914
47346
98982
51231
60449
93714
26094
42151
83220
29214
36192
7472
15662
33081
50230
77844
44479
35013
47990
61669
6232
67954
63859
42929
22898
36048
76298
33541
60615
18567
64198
87131
85701
58061
54813
50100
77718
51889
93214
76812
30181
18510
93152
78295
45918
14626
56810
88067
33453
83795
23979
3012
49433
13567
36073
79892
53445
57595
3196
89161
97962
31556
662
2702
90671
19537
64453
51650
36478
31860
3999
59592
77330
36978
50131
88547
66899
48426
81146
82087
35147
60928
97345
40559
72019
70277
88687
71262
9223
76769
8777
62621
83848
80357
20000
79917
4066
79124
70844
45063
84605
66388
69321
15764
24605
53011
81957
44244
30967
54616
7945
19663
35053
25505
51724
46934
7233
51904
81181
90349
2528
7944
13228
37330
54332
37708
25837
37590
34670
58487
51809
60473
50078
46398
1604
93634
69259
39500
82581
26023
28279
90983
6581
22776
43912
58479
8322
16859
33785
30499
86302
1721
13530
91581
43747
77303
24858
67097
61361
35268
16684
70447
81081
66632
6406
5953
33082
36545
62179
78165
29510
81644
48683
58556
12441
63892
67279
64774
59200
22805
65624
59135
49104
28590
41513
87818
26714
91018
97609
7950
9478
80933
48587
72213
45751
97086
2013
78276
89256
67640
82934
47129
22830
58575
21234
94428
44485
65682
70488
24649
22591
79367
5653
2657
25794
21674
77133
88466
3291
69239
53493
5622
11402
47020
69934
24783
29721
63667
69942
20568
38315
16205
90660
41064
94810
85232
39409
18198
76038
33140
15652
89051
59110
15846
12170
76186
20760
8236
88876
92376
64709
62840
8988
10335
32247
79418
3922
72511
46757
22082
68076
93791
92764
67996
93526
46049
74423
92452
6797
99236
77945
46003
63050
17692
86136
99501
74547
97421
1725
39799
2480
58195
37539
96182
41119
95029
15907
75324
2838
41718
94554
60545
81616
16607
42711
69007
19561
15353
39390
31886
91979
23075
39113
511
60624
27870
21708
12642
1968
37387
23684
89369
27450
10843
71406
37810
65354
99562
31217
93514
40905
79985
13265
70177
44698
57041
35991
58179
92538
87759
92764
69758
56438
75814
17854
86052
69650
42434
31873
27563
96777
48841
33396
81582
63153
87141
42594
18771
31482
94299
56509
26277
53866
2852
24145
20893
64212
2571
89391
99043
18987
48758
55628
85778
10462
19127
11322
98444
7482
81123
2779
68749
78726
11125
14180
80923
9680
83900
9463
37436
92907
73566
34392
95655
15683
97190
12713
8867
2196
37241
17811
8257
9440
19716
4754
97775
3351
79011
30787
59400
5895
46362
68584
56885
47429
75961
22623
33342
75589
39116
55291
93981
76217
96087
98515
14120
63291
91618
7871
16702
64646
19000
18476
94191
48345
94110
39529
37453
80161
93092
49370
2525
93978
98741
28496
64349
86242
64064
15709
12591
46047
93077
48579
45345
16820
14687
92760
90780
13974
76453
68668
78917
12673
71300
77164
62787
90735
61631
76836
48497
92325
64800
61857
54584
16838
61413
14625
98295
9228
29678
77313
3722
88560
90885
3951
87207
7156
36745
27886
70085
14207
34890
36829
29757
33992
89058
41580
37218
11601
68501
38796
48932
45970
38220
3129
91613
32262
94561
39345
25189
57714
71104
48327
39969
74494
52694
53637
55465
55322
45313
73498
85762
43857
71043
41763
8936
34120
49702
24411
11796
23475
1953
41401
9222
38278
8173
25441
63551
23786
18952
44334
7456
72413
273
25145
85651
36665
33457
93528
92671
58817
70451
8563
93407
76729
95629
92596
6938
85626
47404
3626
97569
75951
92871
82437
51167
66405
53328
43108
61887
42753
68539
95166
59654
76150
60772
25249
18835
11259
30155
94677
31457
28847
26153
42428
45719
22211
74376
10833
73752
37680
13155
84588
99561
87837
19045
98827
95
37308
89047
16040
35990
98346
50261
24109
23035
1181
24631
35066
83282
11294
67305
21289
93193
82088
37058
52421
70678
84282
21445
66270
44202
53087
47350
94436
40793
80154
31823
10568
36492
74325
31740
74358
16305
33272
94075
2633
82865
58355
47749
68229
4715
98499
75361
77370
75931
37027
61312
49733
93538
47897
46717
75342
48065
98590
69166
69151
832
26492
29055
8577
740
57537
81169
92951
4517
60708
34517
82825
85581
17978
4274
82122
91767
52330
62520
58673
36271
60517
89571
17373
21489
9874
75892
42425
69952
1336
28941
25461
64253
30586
11400
58520
87066
69928
50199
62293
4606
47466
83427
34965
65018
36913
4236
52469
80292
23571
31346
74685
10367
66916
68226
58072
66167
88903
95445
54285
37142
91182
12673
7062
34986
28530
44920
14935
10591
46165
32631
40780
793
74640
73126
81493
33
69348
21450
96461
63782
59052
10241
72086
79325
38652
10129
8304
83674
57826
94949
63899
82885
61521
30032
4847
66639
17111
72301
66979
15644
14305
45596
54956
95022
38739
20416
71221
34569
96463
56290
3683
95412
27250
61631
78409
51812
11977
31238
72620
89842
63453
63999
20409
92753
80688
90402
78409
24018
48002
40285
94026
46456
36634
66758
38784
36221
92267
49976
64593
48044
76027
53635
89858
20830
13202
17705
99209
35195
84028
29966
35336
75388
63175
40026
46611
10593
84790
73073
74034
72361
10306
91369
85081
24631
9001
7257
44550
9479
42541
19708
68257
91354
32370
58646
52010
64952
3732
1308
22981
52450
80414
73353
68533
90381
39035
64423
11785
13749
66256
3100
80760
55688
87148
54622
67137
40477
91750
62278
25721
82149
75166
18806
64986
70396
39036
57258
90933
22500
36687
62991
50405
92564
62421
42905
80947
23352
46193
64994
50894
89226
87621
36249
83884
27794
14717
82829
248
62461
94407
29942
1164
66678
77884
49407
13249
62338
74173
12482
21221
18223
96337
25983
1890
39828
38475
87517
70324
52155
18170
31014
74476
71319
35892
29642
33467
68993
87095
91172
66417
14388
53493
6510
79143
60489
94620
8712
47858
14459
21693
3325
43142
68317
41429
68319
14316
24631
48677
48113
99667
64363
64878
21937
29562
61994
25550
37056
5422
54558
32911
29256
77515
57542
54497
51484
30210
68589
85873
87750
99080
87761
90019
80604
19121
22936
23634
57649
91232
76707
5287
89153
10180
73934
7684
62729
46004
79992
43822
47644
1747
35826
46681
51675
22993
25227
38915
89517
99178
98967
29505
13417
9618
38564
92103
74939
88203
13496
85529
83043
50859
98976
14794
75340
43685
45982
84749
86768
35122
69028
49295
89662
88683
5912
21634
95846
18193
85153
39980
8207
3227
11342
56980
80561
99705
42713
31842
36652
4078
18210
36996
72433
61613
76824
43407
94514
76341
68073
93507
98815
91524
80618
47677
93618
86799
97577
84089
23691
95463
863
92343
49671
2563
1119
6568
96631
54235
44058
35032
69685
56188
62731
68628
3194
83411
11159
6128
89141
27739
60255
26314
76489
6622
15737
55946
85272
62819
94867
336
40416
22039
63298
12709
8214
72539
43209
78909
38197
6711
12749
13348
81598
86833
93090
90763
77403
52919
35940
45468
95436
59390
22075
11319
39902
85084
62264
92332
48676
68789
1593
38060
79601
39496
33052
51204
65857
50810
96462
3593
91274
78760
31226
73522
14890
801
25313
32644
87336
29097
53835
93672
62600
45428
3013
81487
48503
14149
76092
9789
24346
63039
97211
56647
14193
33448
1692
54638
87013
62808
95418
11850
5270
22904
29268
92282
81405
91932
67980
6360
85853
84906
72946
53828
75346
59335
64622
86496
33705
14366
17321
56949
41077
28404
53095
9384
60956
66650
87050
32338
50596
72659
91808
74747
91314
72226
85252
96098
28084
4275
10452
4196
61084
80683
86776
59669
86612
94651
56841
42190
53074
66049
31560
37754
83249
52172
70806
37147
28548
42816
40511
88543
88539
37260
94936
39711
98930
69433
7313
2768
86864
97400
54239
71706
62493
20561
36689
96453
85221
9893
41960
41892
46794
78357
88125
99737
46784
19034
85458
22291
61363
9145
60291
61421
64390
96325
54861
90519
84070
89008
50995
35585
73528
81335
88659
4797
45069
74619
97947
66319
25023
44356
58147
77753
47229
22804
60860
11109
24657
29838
56177
93190
79224
34544
59625
20460
21852
91404
97440
15787
76284
31050
2171
96923
10521
82708
8681
95683
36219
79381
54818
54085
94350
52242
84367
38551
8428
3436
4584
17599
98422
80885
46920
88554
73789
51449
92964
21540
95440
81198
39784
80107
76469
83442
59772
4679
61242
11233
63480
81373
10919
50364
61810
65291
3205
19758
87521
33628
3301
20391
61195
43830
88508
16593
98001
93781
67208
55673
62842
52024
52455
46800
4183
88404
60
94598
61258
9948
89477
62770
39049
72320
10450
28445
74442
89471
13048
99736
8887
75736
20467
30883
66077
2567
64208
38291
13327
58812
28893
22326
25564
87824
5465
55693
51056
28139
17623
2612
66415
73833
72476
78445
98747
99574
52101
55056
51893
83330
245
10279
25412
82824
13780
63576
51135
97380
31449
82783
50318
70361
16897
63801
81264
56069
30842
99495
48790
14018
42777
77063
56359
86253
86299
34556
83744
89355
48187
86504
21450
29742
89009
68630
2661
81462
92068
20495
56405
8360
95280
52526
2228
65870
25878
43472
99965
56453
58037
22364
20287
57439
40004
92551
14201
97033
30338
69124
12406
33615
8434
57847
39341
64720
8349
78438
16687
86952
28239
1930
84944
68024
9198
13371
91774
86574
31893
30182
53749
32050
10090
83495
27176
47517
55536
6887
4683
91321
41890
66368
9870
40229
2199
75847
78444
43561
80811
42592
11324
77192
34391
17765
5020
69069
20834
93632
33420
28762
23176
38382
72128
90711
12972
21277
68220
42535
14225
11322
5275
70037
49225
67599
81655
2463
64419
78476
12070
81616
89600
76885
5544
98939
84965
29644
9002
78520
8537
3199
81020
74540
19200
97948
27508
48372
40179
97703
17688
85156
6089
19755
90547
45228
20577
31569
50526
53745
51042
79790
68206
71290
85821
5897
97272
79400
83440
44645
8971
4259
14633
21163
78065
42891
53055
58338
15769
68515
25254
87358
62630
5429
53079
7544
95999
41376
69436
59178
54435
3094
65483
17441
55371
37797
72016
66508
16105
79126
45113
16594
93333
65479
58352
79001
89923
10480
80250
98526
88775
30583
42793
89522
19323
63832
21429
36706
27261
95255
91559
64211
25010
31005
69976
98364
6203
72356
62580
55713
12961
29093
21878
47362
6861
89294
43948
46815
46971
79879
58526
44342
82360
16818
96491
28452
51721
26764
48281
39343
62177
61511
89407
61725
89824
63052
15838
46599
14996
77667
18876
21118
80285
78778
90358
42779
53449
93234
66193
24318
38145
68473
54494
23620
38245
92200
13731
36111
72063
78825
68366
28481
79843
92502
69763
58467
78468
13372
87978
6679
49562
54602
57249
80814
90381
59930
78676
8952
23775
79133
22352
57718
22997
2344
42355
98880
26629
8267
40088
62357
45197
24568
88930
51143
5094
99157
37035
60660
71595
22361
32440
52909
17561
1326
12532
87973
8074
47948
68884
80064
93749
32436
6627
15024
79101
21201
17508
97631
85103
5319
18578
67918
9331
32452
10960
28301
57188
81043
51697
19383
481
30665
17489
71300
29260
88702
39656
73091
23991
87006
71750
71330
5615
80642
3725
92305
22188
6090
32505
27376
26988
13680
86270
96157
62893
14091
91116
7388
6538
70234
15515
69304
47258
63197
56079
96209
73072
1314
49385
64
18981
82175
73073
28427
97794
35433
48217
29582
72155
42798
86324
17860
35431
53820
72476
80959
98995
26229
3270
41541
16314
7750
18671
84097
90294
66768
66776
64034
36605
21814
22759
21104
71150
3297
47124
48548
78522
17114
12505
34876
64087
1328
3580
41635
16049
83868
66661
99859
77694
22629
94234
2305
87273
71333
79204
4601
79866
58949
98621
97356
97337
84665
76463
1024
45010
40018
83023
92917
62941
89409
48775
23279
80653
26372
34841
22992
22747
62777
63423
56017
69080
585
35424
91351
84448
68332
22764
97653
93291
44299
85566
61988
45082
66993
54253
79928
97048
5679
311
30461
29508
29942
43389
77461
25014
20871
79013
78536
31569
82739
26546
75974
8968
51787
24819
45217
93447
68338
44254
61333
17060
34936
91255
58730
92905
97579
515
94566
96516
22343
68819
49837
99088
68880
90280
69735
72484
59241
6225
15152
83011
89976
50711
12707
78171
10093
13952
42728
81170
17316
49335
39588
81630
13559
48780
64148
17091
68943
52817
22184
95561
37177
70044
43423
99636
77536
96134
5314
50007
25022
64245
6395
46300
52324
73534
41076
84024
35544
86927
25741
63927
62343
56397
90435
18379
36428
94575
32724
50210
54494
72635
15417
28728
51622
32420
17249
1260
75017
93335
68036
18433
90611
47715
39992
48211
80513
96957
89000
10432
56385
90951
92464
93456
44271
74139
99770
19931
81306
83925
50309
2373
64766
45935
1780
76462
45118
52480
17847
62126
38955
39434
12069
28531
4946
75287
41050
97586
56214
82562
27843
77890
73409
82323
48080
78161
90686
83369
48361
862
95641
17232
25114
26846
57679
45022
2443
85431
9612
97174
90319
71651
68879
61920
5436
6667
78484
54816
67416
71851
20546
13726
90080
25732
21924
99358
65913
48887
77460
38322
23432
54094
34095
67367
99431
34017
73997
22193
58320
605
63159
88645
72641
3388
9462
5181
67117
40900
97012
64906
56933
51944
39412
31286
79998
26748
52534
85314
39990
22882
92120
53488
35494
14214
4109
12586
41477
94207
93739
94719
73564
76902
13964
40776
13523
39866
55219
17086
76524
92043
94639
72684
73427
83090
27328
85400
47477
43307
92778
5677
48968
35471
90274
72022
82651
66202
43231
66894
96193
46101
2990
53209
43361
79421
81517
69153
85844
74862
46688
49712
73243
98014
85810
47992
92561
89358
72188
68032
10237
61704
8497
7325
62697
86643
9437
31206
57888
60473
21628
61472
35378
67329
33223
98228
31381
81317
21837
91596
93314
5418
11659
47764
46924
29669
61414
62471
76923
45129
2589
26934
20752
85577
1004
79126
53023
52533
41321
33805
87746
99087
69683
72623
53263
45462
17923
34996
27655
6553
7502
86059
27956
59971
4155
7840
1396
16400
17413
45090
65772
98123
7423
96855
29143
59197
82229
28169
95136
54918
36265
90075
9428
89849
69879
71200
35213
94506
59453
9559
8449
60423
42721
50739
35236
68039
28813
35746
41257
5814
71887
66399
5217
41834
38357
86977
73280
83526
84179
53905
5942
79108
14153
68055
50677
98981
53896
84118
43359
56017
59079
7885
15326
40707
14294
5138
32532
85802
53189
25425
67780
46824
41189
58486
19299
55214
19809
57116
88769
18240
87740
69120
63527
11962
43314
78886
61517
28415
88670
65724
62175
50202
39348
46457
66876
27075
84977
14855
57800
62304
80886
5904
52785
92190
48563
97376
89219
26582
37008
51185
98030
73860
94762
93352
58686
34076
19068
87381
90948
39484
89042
99975
84088
49969
82348
79779
69594
70478
40893
25766
84655
91814
23529
84994
11910
4529
70449
54032
90347
95447
84398
65562
36672
17850
39059
83995
22876
55880
45124
4371
33040
20606
12480
18669
36569
81122
55058
21937
25514
15932
16825
52420
5822
51748
35826
56390
41526
15774
9687
51657
19559
60161
23112
79944
42325
44239
29073
50448
42644
83912
64874
50935
77234
73729
90121
69106
54781
94064
62234
17281
66212
28581
28084
64112
28627
910
41262
9471
75866
3936
98404
78597
41147
27736
71558
11919
12023
54800
22100
40966
67692
39703
71921
99684
70911
66643
67398
70241
88440
23905
54907
51803
91177
58700
24262
92962
63104
44130
23402
72482
86954
1734
28524
95803
21049
41575
98084
16286
19024
92741
9882
55980
47155
86990
35972
51212
91776
38478
2188
76209
16269
5991
69787
67746
56937
87604
69576
87382
68429
86669
78168
865
86110
23950
77908
18297
7851
68179
39988
64791
48593
51275
31931
73465
74521
17168
44579
96421
74456
58905
32876
19113
61678
76096
34556
66894
87714
91291
4957
81301
15844
52831
79142
36581
56556
44702
20485
47840
40926
43830
52785
86169
19436
63632
16061
15974
40782
44338
50370
99377
93009
14649
3158
92268
2317
37590
65304
84713
38504
39886
18928
84256
24454
98722
24445
81837
70712
54819
69315
40616
32559
90999
8518
58930
45280
31595
46552
35623
85739
56155
85889
11092
75382
6592
63042
86434
11862
16774
76761
37630
54710
17017
44649
36916
98511
86846
13610
7918
6915
78910
29499
20051
88948
12005
53578
58652
43716
64579
71715
40881
20034
46249
50224
51402
72886
85050
48808
93813
93419
94479
78201
60648
96309
964
16498
9156
83246
36765
37503
76232
48159
78891
41446
92771
13118
27998
39127
47409
65724
64006
13038
50799
93020
17468
24117
369
36305
6183
94267
69623
23379
74715
98908
63052
68903
97831
86940
94653
83825
79293
5331
41812
15004
68427
55938
86304
86917
31130
18024
39992
91850
78800
36182
93168
6481
55254
74313
90014
11784
37651
39133
34769
48926
88177
91617
61059
8031
324
1402
72593
21531
84245
20317
98577
90982
71072
61733
7483
31364
59588
82959
22779
35924
25399
61639
890
29494
74075
54023
17584
6199
43892
97849
38149
7782
53905
29022
6831
46609
99531
21036
69309
46244
80576
20104
83691
68390
19516
65264
17362
25948
28953
94120
30597
89241
86399
41697
97452
28557
66025
58297
9386
44211
25993
46192
97979
20812
60494
92552
8686
81774
35981
32626
44067
12543
98839
75915
80772
2436
12319
246
62292
2858
99524
91405
83697
46175
91433
40833
25542
79461
4084
72092
61228
34131
80255
3734
35760
81625
21823
82742
54276
70989
39684
25422
90360
22744
1585
75247
17436
5131
62461
8526
29536
17919
83696
877
2341
63029
92468
56085
4657
84075
92771
53084
73649
80519
98607
94611
81082
39915
68676
4860
48708
25789
8622
44558
89041
37091
73219
51666
42337
66140
89324
85213
4609
39385
31061
77865
96310
49072
10972
72456
60604
67872
29718
16128
85133
59411
56664
97822
3167
28817
5328
72556
11000
13413
15248
95458
44491
87419
67501
70618
16650
69041
69637
57300
82740
41851
39139
88156
28481
18182
54747
5745
90629
17507
32400
31457
9481
40745
58513
29294
94782
46040
15759
25354
18022
19910
3366
32421
38505
69048
8415
62465
63177
44962
8053
52392
37611
94769
73220
73170
92551
403
2086
18396
16034
64300
65887
86403
18750
73531
37534
58543
10521
50463
26780
98386
13103
83903
29694
26034
68489
54209
91406
34709
5076
84528
52774
55261
72272
86103
99850
18262
10303
20437
73954
76027
16793
87978
72490
931
74227
71435
79951
57221
4156
79840
54010
73121
95419
27896
86349
52212
65653
64595
75636
33495
22444
20611
10906
94375
26332
29862
11064
16124
45911
42986
59190
42480
99445
9515
11681
19337
54648
98046
61464
27333
20239
60072
81988
56174
1503
32441
18337
15843
30770
14924
28264
9110
1230
88592
40988
66861
10987
91013
21175
83626
95529
16839
81352
86492
86270
26743
72254
9410
87979
58467
14681
16676
64906
50161
42931
93614
72128
82426
1673
52973
65512
65007
45742
7785
38490
73502
46200
35657
30001
40705
4560
31279
32821
8161
75421
25204
12075
17341
29823
83342
78335
20639
86888
42618
65322
63587
4786
54112
66250
55148
52230
36958
67590
99949
1621
53162
86349
31129
47034
44730
16697
6904
58339
77514
29834
19526
56454
17359
7538
84539
57470
47178
34715
24241
96833
49799
96732
73452
18905
74220
90083
37914
24719
3036
56372
92703
45502
86231
10364
616
43057
38504
58510
56
51022
81773
51749
82283
70821
79979
93863
3231
64727
96428
14017
79008
18505
26646
20166
53036
4685
74187
97169
46245
1318
84811
54381
69993
73700
35377
32483
50176
73338
87588
7329
32571
57654
59508
43040
46878
74773
93141
84246
8422
4267
46699
31180
87847
29390
19851
57559
87771
28053
55760
26625
37320
47886
55815
22580
91266
43381
63337
93919
24158
56586
86033
4734
23162
31420
66928
74370
65671
61674
94296
67766
9085
77822
45422
83136
8216
76045
12965
60622
71486
30738
32595
83804
66849
91445
46354
50043
61832
90957
58914
97592
18316
26693
21669
47708
37188
73091
59238
78601
67924
97013
24782
38349
46087
40257
88487
40467
33779
37990
54086
4657
11722
83224
91661
76912
34595
96865
56608
24871
48233
51505
98266
34624
55896
75084
37551
9075
89323
26716
32175
42051
76263
33971
91714
29823
33047
55762
28799
23514
82267
68520
71765
11006
62296
92676
16866
5576
28364
86022
82869
65860
46989
34526
14562
6916
99352
61725
70914
14260
8729
42683
95056
28701
47211
87109
93563
62369
19011
55552
54454
80443
34749
44034
18648
34938
49325
99525
86166
34401
34233
18609
98228
3511
67628
62568
84533
84822
58462
8615
80731
116
63332
69433
65947
93904
58856
14289
25934
47415
39895
422
86733
4348
20938
20233
25726
43154
51000
53574
30767
14870
3617
95478
73232
47117
97059
93287
57243
68540
38342
73229
62652
29829
59296
1162
51052
71850
85269
37487
75609
62927
67871
39826
81194
50509
45284
19589
70283
14585
14611
86674
27911
79864
71846
91570
49287
56233
21856
41879
17678
93606
47155
2009
28657
79945
90192
31794
50586
47606
48172
71296
2127
37349
66675
82658
72577
98479
12257
51655
86591
49572
80908
3138
94437
1189
20360
81715
36033
54337
86400
90848
6416
63391
24889
93585
33739
63463
43953
42192
80858
36616
94377
75894
80542
70957
59211
49066
70513
16412
66939
5839
21452
27176
86808
968
35078
41159
63533
94908
88513
29076
62516
86706
73552
73492
71191
24371
66658
27584
91449
49281
46953
37164
54780
84961
95244
46714
14421
42793
89792
92957
99823
86490
46963
32322
96259
72953
9293
15882
98266
45671
30208
6257
5323
17844
97005
27755
5634
11024
41221
38353
58216
72028
30513
19195
27793
2537
48749
69834
98947
63359
42581
72531
14979
26401
7193
43028
74336
80009
91736
70220
95088
39130
65035
38956
79106
94452
82808
42844
95940
36235
86076
60263
41930
53455
71895
24488
73525
82496
30760
23784
41693
91550
68025
50891
6223
88003
81051
61016
484
51938
70337
90052
12528
92102
51377
73851
27297
2472
13773
72937
66488
23863
80155
98408
917
90256
3849
42941
93466
37457
92759
32695
56822
64136
57271
20503
19976
87435
95069
99991
73253
10787
30234
73536
37883
57182
18439
65489
95976
59638
43295
4110
25846
27913
10084
97197
31270
43987
96682
32604
73605
7273
72500
82685
42522
31044
7921
18386
96095
40017
53255
91435
96861
84387
40339
81085
37632
2191
85065
59751
63787
89435
65062
84136
2456
761
37963
44029
10697
41216
55199
53037
5546
75297
97604
59147
53681
68451
3522
75456
11697
91397
957
8414
63848
31165
24289
23736
5064
34432
59633
16807
22525
81237
71007
56128
92709
35638
58709
73849
86153
78184
65304
45354
44929
89898
34402
51498
99148
67563
67439
2096
70092
68955
9420
65895
62663
21114
18883
46600
69855
7670
25459
3888
9902
42599
8022
40820
58248
22018
68929
59034
35264
30172
21227
16202
87324
83676
95648
32491
13513
156
27449
45239
91933
69705
33570
91776
99442
76721
75028
95733
67296
47810
43756
31144
3412
26895
10237
87542
32075
47251
40911
40673
38387
73264
88777
25087
80248
18777
25638
1210
43021
64192
47308
90352
69677
70136
95014
49858
63034
21938
7567
74428
59668
73604
67745
46724
18334
26117
9563
64700
60251
83320
49739
72128
47110
88809
12891
27817
83391
55691
68245
82717
29470
77637
70214
49678
2751
65853
70400
94839
35639
29424
76379
85948
81963
3083
78308
27957
66330
46480
41210
72599
10015
88605
33331
60818
54623
94196
3391
24308
83896
56206
69800
51869
70942
89849
37470
87392
60833
87752
48010
53821
41632
53623
32185
69839
62563
7252
48830
27892
28025
48088
59771
45017
54974
44288
35044
23542
28306
13502
6183
67431
95701
47377
15570
93658
28031
26776
72564
27746
72559
44273
81737
46661
62137
15483
86080
20252
33055
51767
48782
36509
77138
68921
13669
33176
83720
84928
58039
10255
73697
91289
6333
71707
71206
60045
52406
66590
50084
96321
41310
71791
23465
61927
61612
17497
60935
38784
24149
82942
27310
75665
67816
32033
23356
79176
44955
10453
89187
24334
83395
12065
42988
16773
43182
95365
54532
37435
37608
39277
88602
34543
78188
33362
67569
31562
79535
74948
28569
66485
73402
72153
19698
11721
75635
94516
99060
95733
90830
6537
32690
22197
55272
15999
13956
42981
11283
11293
97579
79305
71619
87577
19208
55231
5194
93401
91872
71917
28509
13110
34412
6315
14913
30733
44664
40186
31400
38451
4919
68791
19094
75539
73732
61666
19129
19724
3986
17132
28779
28891
13275
78686
49531
99888
92823
15570
60207
60904
47142
74537
87983
30353
40823
49420
11980
45567
70199
88908
75033
56943
25620
43405
54941
99873
90765
41790
41276
36651
42274
9405
186
65179
52582
28569
3381
14485
94047
66777
46889
95619
61207
4522
50553
43932
64066
52436
76650
39765
47710
32853
86162
60113
39277
45264
25177
41693
14778
13686
15331
11104
37414
80187
45122
46772
19327
22151
8837
28221
30974
7039
90822
17078
94982
75035
59447
13516
44521
36223
44516
46220
48277
12699
99356
33686
88977
96171
94274
6187
18255
36852
14885
28873
44275
77656
9305
65449
79340
73406
52103
61331
23406
73006
10999
12673
22461
89771
85016
21300
22066
38770
1330
82985
60687
69735
62621
68653
87602
91245
25920
30041
54509
58404
24273
84065
90648
20631
3786
33327
64946
88170
80615
57610
38116
58034
32420
49272
58706
72629
58664
70468
97068
16319
9718
45923
60725
18918
91269
85992
58023
40245
98963
6058
40559
19693
37269
50815
93871
79105
17295
21440
73755
36068
87369
60201
62753
10178
48783
27483
13193
51322
71269
65621
10432
68041
70293
29020
9904
21247
26122
67783
34912
48334
39329
6996
23811
22668
46677
59026
15390
22617
53042
38806
9342
79857
6374
93687
98030
92910
88130
85695
17806
74145
51237
27675
26955
14437
10087
34734
72766
44701
86744
85386
49318
85846
77644
54970
34352
8287
46020
67587
99664
34085
48017
75800
86166
45743
1895
95856
72511
85198
22114
7924
16977
55640
78460
65931
29383
74512
48199
25407
3240
28995
73727
92949
91338
92533
36936
26797
8737
26207
17818
76268
13917
75470
89448
74183
70167
72940
37907
85772
76368
77258
74972
75823
61335
42958
68000
67093
22603
32797
35223
73315
5029
89493
85665
78527
21866
6968
85948
89627
78041
48791
95367
57123
58969
12663
49921
96400
47856
93889
67761
49929
84502
95048
72849
69919
2386
67334
91233
4789
84170
8961
74438
48073
29796
51299
79374
75510
21451
1243
16953
71660
428
63820
17113
8188
27935
77639
94731
32604
86943
13475
44728
78453
32452
24755
29929
62032
56825
13876
4148
75198
95810
99491
29076
73355
30901
56041
34323
18217
69321
90199
79884
87683
93621
10312
64258
63637
56134
76945
13342
94806
23947
80536
66180
69707
23380
85856
50800
52054
12689
96060
58072
66944
63614
84688
76254
88288
16715
6043
14272
81731
71512
39276
4104
95714
74654
48839
28559
33637
45956
52334
5771
88256
68252
53780
52228
77953
21687
55653
70220
84366
43390
74412
47708
19568
82294
22372
23755
66808
69844
2924
97681
22434
77440
88092
48754
91115
26
98691
39932
8094
88518
64622
51770
68447
36823
80173
9771
83821
70375
9004
92067
49213
26764
9507
1316
14904
3671
84041
21564
50656
27173
54010
63985
28171
38743
63409
47561
24450
28268
50583
85561
9038
84902
56065
87798
40075
98266
51281
69329
28818
95719
53969
93246
13528
56782
10776
73768
68157
12169
52744
98795
11837
93932
33069
29951
85473
44122
75472
85781
74943
52949
42670
86560
23485
34518
6318
71879
52010
48288
22576
17320
34210
92250
41385
85799
24987
99402
96379
32222
44362
47150
39375
95342
99386
84859
34774
9866
9434
80067
17953
8519
14093
26452
3073
4614
51854
73483
39947
27152
55784
43198
39884
9952
22671
55564
18628
52654
28057
43261
30551
61239
2462
81148
95187
40293
86200
81046
970
76491
11965
27937
39039
53179
27284
11904
60511
10255
15582
70989
79028
42283
31380
83088
43364
36748
67008
50983
35003
63638
96384
5422
67066
19783
59961
77165
73812
87345
81980
72857
64881
66056
99025
16619
55894
21881
42585
1655
62221
5727
23548
16634
82230
80356
66971
88272
63460
14079
75955
29082
3185
78302
93751
25265
18396
11295
10345
71306
76782
62957
45743
99076
2712
54028
56882
86508
35712
26622
49295
11591
47765
6825
96428
22308
16506
89052
4882
81136
28363
91079
9989
63326
12682
11254
73255
33549
54791
41181
65668
40316
30000
38388
41239
71137
4513
96641
23743
69868
32740
42224
36532
46080
11586
11866
54375
24124
14210
90817
23450
70428
58469
33935
95409
69553
25758
44788
95325
18911
91688
42499
96341
11934
96711
33469
7863
16106
70927
26047
22594
95652
76470
56215
24282
3261
41335
61502
30789
88547
92484
37932
54746
60689
61444
38442
57872
55486
97318
85198
69190
10293
24486
95200
80377
82835
24862
63936
63082
98341
10210
75598
79275
10289
42497
62787
11542
58231
35106
20731
16699
39815
24454
16139
2350
58544
85061
14118
30069
98951
95283
69691
26916
18719
42775
76719
89775
70954
91032
9825
55220
74637
75996
69018
24012
62593
19746
37064
47918
41682
76608
28606
32570
23199
93710
85710
28430
70616
11908
21141
42193
1058
15293
65530
41083
75031
51830
17267
94157
86367
96501
11392
17839
46293
52125
3738
78854
59299
359
20044
93649
49058
52536
9882
95285
78708
62821
61386
32503
4789
94240
50294
37948
98137
68677
6588
27511
54605
54527
21726
49213
35457
85520
48217
15027
75429
27074
4929
98437
22310
83556
53354
16926
71515
62560
97154
35390
42419
90370
40922
10968
38580
4737
81234
47561
96334
90594
93517
23557
13710
93432
93279
97716
89727
78140
45262
39513
9668
70922
67598
274
24897
4244
33034
73159
94149
47081
3627
68951
12239
25606
46486
23912
56107
5279
75907
19863
49096
88363
95576
34497
75408
28012
81473
55775
13688
42486
17499
9548
77333
11034
78829
98230
5194
6920
52485
97235
93800
85443
42098
9477
65445
43434
17703
77487
92082
16734
27504
11813
22542
92981
39011
97521
65982
33539
63148
97523
24234
43718
29511
52596
94347
78556
98606
37621
4962
65717
19036
76989
82069
77103
11935
63324
49369
7249
19421
97770
72404
94514
22612
64164
20994
36209
24950
32958
38196
49787
2187
73505
82901
48229
42001
90337
92020
51220
15750
74867
15158
59453
49623
23235
96179
91101
98232
33324
34407
69502
36146
14845
90190
61434
5177
55429
66965
32852
7954
14144
26117
48110
45269
55761
1203
67788
99324
21379
78814
37670
82779
60260
44353
86349
51228
22640
9662
18332
55830
98527
88504
41444
70245
82808
50772
11307
52314
10924
1755
40813
51635
15139
30623
57393
34375
14622
9321
68356
8600
5465
89942
19389
89036
26246
62806
7443
67516
5165
89023
29217
75119
61515
45617
36244
40674
87948
93616
23575
52759
46501
15241
84625
83665
85966
66034
59510
25921
86828
73313
52173
14763
98307
22567
27747
82347
96030
75830
24260
12183
63602
65370
83592
494
53428
6513
11308
35195
91993
48778
42395
48741
55197
55265
8550
39221
6378
29354
89437
37828
9798
56004
74868
71833
96952
36723
37123
28375
30051
36150
79427
88243
61751
28989
38048
52380
60495
99823
6467
1808
87711
37989
35955
3422
27426
76710
63731
76486
23830
25701
39847
73022
59511
27528
15107
91079
70528
90442
21742
27044
83167
80855
19927
30384
92339
58456
37569
59252
74481
14745
74748
51340
40830
65620
9394
83589
31959
77210
32481
8472
97517
98326
23893
92257
90750
76045
65933
74411
50037
14212
54668
56543
99343
76967
49186
87447
54751
38478
14477
8501
22747
65070
79744
6697
69907
57502
87633
83999
53009
10703
24582
38332
26822
61232
46523
79192
11164
33943
38
58797
39486
83979
69747
83164
36892
82191
39741
93514
12651
37886
77294
51689
76596
40528
98596
86724
45493
49471
99260
99917
69125
96218
65958
36737
17345
36317
21379
54176
44010
66280
29908
35365
43771
21749
7565
11860
16689
95214
87642
31492
69589
42203
72156
16209
53543
43061
88615
57288
78074
27498
13001
45602
88756
21720
32783
51569
5638
80552
583
17692
40495
91570
24612
51095
59906
54488
97680
55908
17094
33505
5426
90878
8731
25884
65481
56897
28610
23172
44688
51160
60069
39259
11619
47816
8107
61134
64816
14867
16351
74200
30662
45644
80012
20169
85778
33747
19039
60358
76573
52483
84173
26598
22712
53678
60021
29594
87428
69856
81334
44463
59877
71724
33586
16334
14095
67614
45523
96994
42717
62551
82071
43286
95697
40492
9871
97810
83634
96633
92769
50255
74928
68465
50816
60562
20841
91572
88055
50660
23550
59241
14400
17791
29162
51717
30003
23456
45160
33921
14073
6887
71527
26152
23889
99330
35114
26612
4753
77671
2870
21795
70618
40303
34572
40065
33777
20370
25086
79242
8711
46226
26087
1570
25271
31860
54551
38090
57047
1184
41901
89729
25865
88068
51986
36563
34031
42420
15491
93521
44869
24271
31191
57733
12898
36036
71553
33832
96484
70091
85432
6933
95200
18157
523
68782
69158
43281
73780
48463
97179
24790
25343
19309
54559
35856
43482
45004
5354
72925
43642
21488
46316
5918
87079
76712
41419
79290
39896
6542
12483
86296
51425
98791
23038
30246
11400
88241
77692
82158
99784
37639
19303
93336
3446
1355
23102
5635
34972
80001
12049
16195
86255
25103
40868
4498
32774
53927
32013
92818
3767
92834
98380
53923
60238
76146
90248
16164
98123
95248
25621
20188
11092
86819
19001
12406
22301
5299
73784
55613
43341
64113
93386
41955
1953
92580
18054
409
15831
1611
37866
19312
59463
66787
37203
36733
71928
93453
24740
4041
796
75474
15019
39338
73756
11932
58109
85761
70640
77592
57490
49216
83375
48889
56099
8494
204
45375
595
36888
31433
59650
78324
11889
53466
93703
93951
71012
70333
4525
23646
74350
65788
4515
64682
37828
56234
16300
99944
76670
47729
46271
6143
18250
33044
13732
21926
75080
87186
45511
76060
99808
43287
63872
19868
95768
23952
27722
25606
97053
19831
39785
23930
68812
24153
21672
68359
75733
40382
42565
34605
63087
34704
5595
88351
76258
50636
6230
28224
29678
64224
63743
90398
91355
66527
65505
48697
82454
4409
65350
18186
33841
39605
8616
88971
42706
70459
37829
48111
59171
4146
1971
62306
40649
42806
38999
37151
68235
95262
49519
93187
1080
1107
13699
896
6008
49405
83656
98832
21030
568
29358
66645
95443
32087
99989
21295
14695
66309
84049
10705
11875
88437
51209
19981
30587
89395
95383
61445
67252
88004
43042
40987
54688
27486
2323
19813
66174
36340
62550
78369
97744
45328
36804
48316
65284
68392
41456
73289
11672
76903
65131
40925
42652
478
56352
24692
55077
21939
99675
8594
95294
16363
69257
97343
59249
1590
64504
18494
28302
95763
42497
31211
26593
71297
5466
40239
17369
14891
78987
4618
96854
9664
13227
38201
8788
11928
92536
3354
49323
7908
64116
90798
9702
72719
24642
29168
4821
46980
68531
29785
1782
23290
13234
64950
31590
53093