7173
-9578
285
-72
-1902
1795
8129
-8654
569
7038
-1438
9930
-260
-9592
1577
-523
-6754
-4372
4488
5615
-1731
6238
-6719
-7337
2359
9966
7290
1136
1652
8117
2524
4506
-1829
7107
-8549
2352
-3674
-8220
-7517
-1599
-6810
1419
-2256
-2047
-2071
-9688
4445
-8213
-1979
2458
8688
-809
5509
-3640
5449
-9225
9854
-4454
9992
2033
-5949
600
6665
-32
-6995
1213
4915
-2213
9889
7307
4273
-8176
-5371
5139
8059
-3427
5394
6148
-1643
9912
-5923
3156
3771
-5777
8833
857
7244
3707
1394
3064
-8023
-927
-8615
-2042
7410
-1967
-6000
4860
5561
6404
-4710
7664
4860
6901
5302
4985
-8223
328
-2183
-2702
8878
-1511
-1590
6699
5439
-7234
8517
-7729
-1771
6172
-7651
7830
-240
2774
5966
-5660
3787
2409
-1412
-4367
4068
9633
4704
6015
-9537
7811
4092
1202
-2412
5489
4587
5639
1806
7403
9976
4691
-6075
388
1958
-2965
711
6177
1614
-5587
-3157
9398
4491
2109
-8645
5655
-7106
9624
7728
4901
-870
4895
3823
-3903
-2781
-6292
4718
-8916
-7301
1636
4518
5112
7983
-1287
-6457
-6048
-2089
-3081
-9438
-376
-2926
9248
-2284
-9107
9262
-5366
-554
9725
-3752
-1600
3468
5942
-1221
9437
9313
-7782
9932
7716
2787
-6377
-1322
7853
6632
-3188
-9887
-1705
-8481
5207
-304
-4513
3212
-46
-3507
732
4420
-9107
-4533
8859
6706
-1306
-3397
2569
-8807
4331
4185
-3824
-3306
4195
-6720
4715
-5833
7016
9492
8107
2491
5403
-7857
4778
7699
106
-6496
1758
-2632
4881
9444
-64
-8174
-6611
-6819
-625
-1385
768
3589
9226
-586
-6295
7189
9045
-5343
2733
8352
3555
-4035
6268
-3240
-196
-5535
9360
2421
-1145
-6511
-9859
-7977
5066
7332
-8629
-8963
9096
2902
27
-7716
-4005
-2788
5282
-8774
1236
8026
4970
377
-9599
-8102
-848
-289
-1702
-4217
5747
-8683
9902
1252
5528
-5819
122
8366
2933
5737
-1399
5250
6403
9245
8423
-3609
-4375
-87
-7848
-9107
-2901
-1488
9498
4580
-7465
4886
-1100
-5536
-9171
8901
9696
-9094
8891
8553
-4829
7730
5813
9519
-4506
-1810
-9170
6624
-8785
-4594
-7135
-4713
-60
2318
-6551
6385
-9344
2601
-2842
-9411
-6504
-851
-9217
-746
-5418
3842
-5903
-5267
4579
2601
-2493
8779
-4282
6407
9785
2149
-4335
-7614
-309
-9199
-7459
-9129
-3372
-4311
-1434
-1764
-9283
7205
4430
6928
-1071
3926
-8272
4049
4527
607
6387
-8644
-7625
2916
4869
1120
5011
-5237
2053
-590
9651
-3550
-8381
-8070
-2340
-4415
606
-5648
-6183
-1505
7711
-5164
-1204
-5219
3007
-2893
6393
5545
-5589
-4917
-4887
1426
1004
-3537
9919
3062
-4368
-7536
3418
8002
-3509
-9749
1865
6764
-8160
-5882
-571
5918
701
2407
4598
-6795
5270
7409
2574
1354
-553
-1807
-8310
7188
-7171
-346
-6233
7685
3736
4730
6733
5274
-722
4392
3595
6508
9593
-5725
828
8615
7895
4006
8544
9117
9725
-2712
2718
9079
-182
-7078
-9870
-6210
550
8047
-6124
-1255
-5269
2581
4959
-4498
-7463
7000
-8309
9360
5963
-1041
9388
1135
-1507
6551
-3738
640
-8405
8210
3072
8723
-1348
-9490
982
3992
-2777
-8776
-5058
-443
-7522
6399
3992
-9384
6645
-4611
7441
7136
4986
-5462
-5538
-648
-1069
9450
3613
1838
-693
6215
-1938
-783
200
-8471
-6172
7939
8389
-9660
-9304
-4810
-4855
3125
4902
327
4808
9036
-5068
2517
-8458
9058
2243
-390
-6899
371
5354
5329
4557
-747
-651
-2908
-2775
-5630
9563
-9918
-8443
-9303
-568
-8636
4382
-6444
1940
-3875
-456
-8621
-3533
-6858
7540
8462
8575
9430
-2942
-1110
2174
-8005
-8853
9069
-6626
1983
2806
-3655
1974
6710
-9558
8991
9756
-801
982
-8312
9755
-9029
-7794
-6921
-9366
-6065
1587
-4559
-4562
-5766
481
9882
-928
9805
-5470
-1428
-8246
5713
3166
7423
-1576
8908
1837
3480
4006
-7618
4643
-7469
-342
-2386
-3638
-8386
939
-5170
-3735
57
-5423
-3500
4761
7955
-3082
-7606
201
-6384
-8189
975
-5664
-8720
-727
2038
7690
9290
6008
-2065
-1130
-7981
-3022
70
6576
-691
5283
6496
9561
-530
5319
110
3696
4705
7801
7119
1733
2909
3789
6198
2283
-3246
6524
-7871
7397
1053
-4452
3293
2922
1353
-6453
-6169
6601
6511
1320
-7934
-3928
91
-3018
-3799
3635
3212
7954
-383
1005
-4472
3531
5273
-7370
9335
-6114
-9583
3530
6183
-1561
-6380
-6325
7349
6615
-9071
9924
-8283
9361
-6364
9820
-6020
-8267
3016
839
-2236
-5416
31
-865
-8095
-7904
-3381
-5192
-6798
-6449
7177
8177
-9579
-9854
581
4435
-825
6360
-5812
1413
3859
-7020
-4751
8222
7989
8054
-8959
-8559
-8011
-1712
-6646
7200
-6732
353
2653
2677
-6963
8191
7404
-5501
-3060
5086
-1123
7298
6270
-3236
-8674
-5403
1143
4336
-2868
5564
316
-8511
2156
9092
4940
-3406
9470
-2036
-4501
-783
-916
-5469
9422
-662
1938
-1974
-1275
-4817
-7771
-8370
-6233
5115
-6546
-5010
2270
6215
-4163
-4388
8602
-1019
9535
3647
-3674
3897
9654
3719
-7367
6817
-8965
-1795
-5478
1213
-5993
-5747
-1959
-1081
-6720
-2714
5029
-7549
5625
1684
-4986
5809
6866
9880
7493
-7118
-1081
5636
-8220
-9775
7179
-9178
7848
9702
-9991
6936
-8537
3064
5801
-7671
5179
3902
-5289
6428
-127
9338
1416
9228
-3330
5634
-9785
4672
-8154
9234
-3821
-1064
-694
2573
-2116
-6422
2302
-494
1994
-3831
6229
-897
2823
-256
-5816
-2274
2283
7603
-2875
-1857
-7211
5827
-6855
2108
-1538
-7766
6227
8212
-6342
1381
-7551
-7806
-8418
-2496
6845
-4205
3154
-4081
1095
1687
-742
-4188
3592
-9624
2981
-6436
3915
-4092
-3964
9489
729
-1637
8714
-6827
-1956
-3720
-2961
806
2686
5229
-3894
931
5839
-2974
6814
-7436
1493
6205
7793
5418
-7057
-9187
-4307
-8567
7811
2957
-4519
-3497
-3502
-8156
8649
-5853
1764
-3290
-3735
8536
364
9836
7166
-257
2834
-3916
-4313
-5639
-9199
-3722
3873
-2310
-85
6364
5968
-3668
-2799
-2198
-9503
-8391
-5928
9637
-6013
-2208
3013
-5024
9777
7253
-6171
8770
2184
5086
2874
-3311
-5561
2799
2896
1131
-1464
-981
2372
9593
4747
8837
-6080
8355
3356
-1218
-4514
4621
-576
-1569
5395
-2419
4512
-5396
6900
-7600
2721
27
-5883
-2528
5559
4033
2951
-9649
6438
-3654
4435
-4530
-9514
-5209
5462
-9328
7864
-8938
-466
-9899
7886
-8800
-2547
5193
-8011
-169
9043
-221
-3057
-3709
589
-2118
-9410
-1232
3636
8139
-1594
-8705
-1265
7259
-5846
3979
-706
8687
8555
-331
-1033
-7992
1896
1873
-6805
5743
8424
-323
-5214
9081
9967
-173
499
-5160
-9900
-177
502
6867
-1552
7356
-2037
8017
-1044
-5588
-4862
-8452
8666
506
-5193
1123
1125
-4579
-679
6027
1304
622
517
553
3525
7562
-3234
-1404
3676
7918
9242
8098
-8703
6696
-2041
-2041
350
-745
-111
-5544
2892
-6579
-7687
-9145
8157
-5796
-588
4083
-7729
-6762
-8847
-1745
-7795
-2537
2035
4912
-4616
-8844
-449
7750
-8559
1872
-5588
7436
803
-6652
6616
-7959
6432
2583
-4018
6049
2491
-4512
-3095
5804
5462
3661
246
-4371
9866
-5437
-1548
-326
-1080
7615
-167
-8443
-6843
-9731
-7982
-237
2185
4536
4600
-3379
-6655
6373
-9803
-1849
-4747
-683
-1158
-2279
316
-7075
168
3118
8527
-4019
-9849
-9119
-1814
7372
-2821
-199
6313
-539
-1230
5198
6497
-6275
9790
-3037
-854
972
-5048
3447
1132
-6853
1177
7387
-1177
4424
-5538
2680
4510
-2500
7910
6744
-694
6059
3549
2026
8368
-2023
4633
7778
4654
8322
6644
-7579
1235
4701
-2122
-290
8488
-6970
8589
-9397
9653
9893
7343
8951
751
-3186
9766
-4092
1188
-7943
6365
-9882
-4500
-7621
766
-9043
2707
-663
9657
2683
6942
-816
-2273
6442
3892
5522
-2369
8669
342
-9782
8019
-3370
7280
-5103
-7147
3125
6987
1704
5176
1007
4152
-454
-8547
7571
-520
4014
1622
7596
-4827
-620
-6240
2437
-6542
9090
4261
9548
4992
4258
9977
-4206
9987
-5186
2673
1806
4322
448
9111
-1756
-1925
-5288
8600
4148
-2456
-3553
9426
-1947
1168
4692
9299
-8369
4529
-7496
-4060
8380
609
4853
1689
-9858
2889
7171
9090
-132
-8006
4719
-4325
8919
461
5003
-9752
6343
119
-8533
8813
-7509
-1016
-2983
-3614
-1256
-1486
-3291
-7285
-7877
3674
-6208
9224
-7302
-6130
2448
-8226
-3681
-3693
6415
8041
-6880
-6576
7237
-4271
-6843
-3127
-5287
-969
-9101
-1946
7944
5694
9440
9889
-1969
-3977
7641
1696
-3815
-2648
-8347
-2253
1950
-4688
13
1260
526
-9089
2164
1436
-9945
-2569
-4724
-9540
-4058
-2970
-6791
5162
-7199
1202
-2728
8348
-1826
3607
5653
7785
-4414
-2158
6499
-5868
-4406
-9646
-9513
-9352
6269
-4316
-4442
1844
7444
-8516
6048
-6091
-5815
118
-7932
-426
-5545
4770
3003
-8822
-2270
-3013
-1870
-6086
8717
139
-2420
9728
3490
-7955
1450
3207
-1480
-7010
-9893
-4352
8063
-8207
-2807
-2523
5327
794
-6902
-311
-8811
8633
-6682
2572
-292
-8478
3659
6974
-1518
4113
1880
2496
-4955
4127
8935
3414
9666
1432
-7251
1876
5085
6595
3737
-5410
-7678
-7308
5362
5475
-2721
6362
-6413
-6352
6501
8293
-8787
-1947
1226
-8495
-4626
-8751
-6401
-5083
-9402
-3867
8153
2404
-6841
-462
580
7105
-9992
-1421
-775
-9023
1340
5896
8868
8954
6518
-458
4629
1154
-7625
7763
-6411
-7177
8803
2816
-9500
8086
-8461
-7107
9884
-5092
-2128
6523
636
846
-2749
-9971
-8011
-7854
-2424
2967
-5711
-5241
-4124
-5367
-5884
-4454
9868
-4208
2386
7424
5483
3280
-7812
-3447
-1588
5046
6630
-3972
-1740
-8478
-8465
3787
8189
6444
3484
-7462
1674
-4442
-798
3253
-343
-2685
199
-2769
2743
6877
-5860
4901
1003
774
-4871
7884
2686
3988
-524
-3435
3951
-9221
-9038
-3066
866
7753
6293
5594
-570
-8542
-2677
-4500
-6890
-8984
4539
-189
-6830
-6186
8267
8467
2128
-1443
2664
8738
-534
2435
-7317
324
2593
-1288
5656
8300
8088
-6058
-7692
-564
-5091
-6379
3055
-6940
-4485
-7125
-3399
-9395
-4335
-4978
-6621
2038
-8646
7958
-4759
2866
-2463
-5548
-9037
7342
1561
6502
-4537
9517
6777
-7913
-6716
-6590
-2970
-6789
9902
9104
8084
-2289
8432
-787
-3576
-4206
-311
2311
-5086
-6377
390
-1648
9543
1145
7039
-1555
-2036
8448
-7608
4226
5429
6391
-6926
6815
5916
-6057
4000
5764
1813
9443
6093
-4251
3217
-1535
851
-8719
4516
-5355
7645
-46
1728
-8553
2849
-2984
685
4491
7963
-9226
3776
671
795
5310
-7312
8774
-1830
211
5294
-5206
7632
1935
3487
-9751
-3007
1175
-3316
1264
3097
-2413
8666
7238
7390
7087
-2420
1712
8227
-2669
-5758
-2779
4194
948
-2088
1414
8439
5024
-2908
9593
-868
-7728
-8288
4218
-1872
779
5935
1793
-5183
8455
-3767
750
-9520
-5140
4261
7532
-5690
5212
6862
942
914
708
1957
-8316
-8768
4370
-8944
9005
-2890
6424
6934
3074
-6766
-2314
-7707
8362
-4968
9152
1598
8431
-5528
5386
-8363
-6140
-9516
6705
4447
-6542
-1933
-5978
1068
7481
8078
8014
6458
3257
6948
-6532
-932
2488
-2921
-1867
6501
-8789
2655
5923
-4937
7933
-6828
3096
-1303
1087
9670
-7485
5508
2921
-8844
9590
-8982
-4927
5808
-4212
6832
1453
-4907
-8380
-8685
-4558
-3261
4407
6127
-1372
-1246
-7571
3074
-6688
8210
-3520
5631
-3823
-7301
1137
6331
-2209
-8232
2075
1746
7103
-1078
-9213
9571
-4329
-5464
-4099
5529
-6319
3407
1594
5952
-5166
-9936
3825
4827
6399
-1740
-9335
-9983
-542
8089
-9793
9883
-5885
644
-4213
747
-7227
7742
2756
-1929
3129
7535
9857
-9311
7469
-1165
-760
4252
8697
-2848
4604
3778
-3722
-4642
5283
-2771
-4858
7611
193
2147
-241
-2913
4867
-9193
4355
-2790
5267
8466
-5484
-7838
2557
-5971
-7922
1534
9790
-3294
-8453
3477
-8284
-133
3352
8486
-1376
-5220
-7862
8039
7421
7587
-2872
9964
-5553
-4801
-5321
2937
-2131
3004
5290
2162
4379
-7533
9090
9057
8866
-5792
5417
3697
2416
98
254
6078
-5138
-4754
7059
-2158
-8679
-6019
3901
5396
3007
-961
7613
8315
-3966
-86
-8011
-2315
-1952
-8552
-4637
9359
6738
4853
5866
-7434
-4059
3811
4940
-4937
8097
1279
-618
-1936
-7023
-3479
-1182
-8537
-3219
-7140
8723
7647
1489
369
-5575
7872
-7931
-6674
-3942
-9161
-9210
-729
-969
-6862
5104
-6001
5627
-2143
1799
-3455
4780
-8894
501
1168
-9780
4942
-3435
4947
8489
-210
7590
2653
-9785
-1054
-6341
3924
-7664
-6454
-3237
-4514
8404
780
-3232
-9969
-7261
8670
1711
-9704
4245
9474
-7221
7427
5249
-4513
-236
-4239
7381
-4705
-5902
3595
-5536
-5953
-6760
2856
2918
-5870
-2790
-7236
4597
7125
3467
-8881
3014
-6667
-8586
-2306
-9526
-3633
6158
1258
-1649
2850
673
4295
-4965
-5926
-9726
344
9120
-9559
6702
-9172
5911
666
3942
3576
-9191
9776
-5157
-6698
-7199
-7070
1308
-656
-4120
7343
4836
440
1270
2897
-9407
-3886
-7199
5090
3029
360
-1062
2714
10000
-1330
3643
-2672
6982
-9930
4195
9613
-2550
5524
-2335
3145
-5454
-1495
-7864
-5735
-8135
2359
-8043
-2672
-8466
-8029
7042
8460
2211
323
9582
-3161
-1274
-2437
-6052
-8486
8473
6652
4193
247
4021
2132
7520
-1545
5217
51
-1145
-7488
-1252
-5971
6389
1302
7002
-9498
-9230
9113
-3105
959
-4386
-1253
-3994
-3500
-3179
-3892
9333
-2313
630
-8148
-4919
-4437
-5770
-3321
1382
9515
5027
-1748
3897
-2118
1752
-7889
-5603
-9825
-9534
-5545
-7100
964
6349
3986
9133
7714
-1878
7998
-9624
89
-544
-3752
-2750
-4852
476
5564
8306
-9207
-1280
-4580
2459
5110
-8174
5357
-721
-9333
-9459
6106
-4604
5853
385
2236
-6767
8951
-6088
-5371
-7743
2822
-9463
-1027
8708
3229
-3977
-7821
-1165
1582
-4616
5076
1756
-9296
-6810
6587
9597
-461
9512
-4274
9984
-8961
619
9093
-5500
-9680
-8993
-2318
-1446
3576
7102
1433
7355
107
-9794
-897
-1814
-891
-8991
-6138
57
-5837
-8330
1408
-7678
-1872
-2557
-1881
-6862
-7061
6329
-1642
-7570
8198
-8209
3043
3077
6160
-8776
3353
2857
-7471
2200
8056
-1432
-8879
2435
-7360
-8598
-3348
-3830
4660
-8052
3174
8230
7823
-6362
-3389
-4164
-1701
7147
-9603
7169
-7153
-2553
3640
3076
-7852
4990
-6999
4691
3712
510
-1249
-3005
1810
5680
6700
-3053
7637
-3199
4233
9668
3047
-5038
2850
-8687
-3742
-2160
-4617
5527
1644
9579
8620
-2071
236
7369
-432
-9241
3605
61
-313
-6435
-5942
1717
-4764
1755
6864
-7305
762
-9860
7382
5910
-9470
7374
-9996
6699
6066
-3422
-9416
7571
-9603
-3511
-9880
-9830
-4298
3347
-8875
-2697
-5421
-404
-1565
5219
6427
-3169
5391
-6587
5057
-5922
-7640
2422
4792
-401
-8153
88
-596
-8275
-3786
-4320
918
7679
15
5876
1064
8280
4575
5903
9279
6553
-7936
6698
-5624
7078
2090
1519
-4599
7249
-1172
-8788
1054
-4902
-9104
-6177
1896
5536
-6462
-8188
-2070
-484
-2307
3415
-264
40
1809
8156
6364
236
9704
-7330
-2402
-7026
3966
9856
8180
-4577
7941
-394
-7777
4085
-5789
9980
-4095
-6471
7951
-9941
4280
-4246
-3502
-8440
7397
-7628
6841
-4076
-2157
-784
-6365
-9812
-8095
-3627
-4945
9309
4700
7426
7719
-163
-3701
6853
-4779
-5126
-1138
-8955
-5902
-9466
9135
-7549
9881
-2136
2234
-6940
5601
-5665
3517
4082
-4887
4662
-5293
-2739
5152
-240
-5915
-9297
-6381
-7829
-283
5079
5505
-4475
-478
-3901
-6816
-6022
4053
2999
-6224
4624
3578
6059
-141
8697
3593
-6642
-6579
-3137
297
1301
5007
4053
534
-2472
-768
-3059
-7696
681
-7105
-8564
1055
-4879
5905
3192
-4202
8836
4797
2570
-9514
4451
-3256
-9048
6791
2606
3282
-8229
8808
2639
4173
-6534
6212
1504
8310
-1882
-4775
-8117
9783
-2655
-7033
450
-4286
5960
-616
7653
6507
8518
7659
9858
-4702
175
-3990
-7723
4725
8641
-2478
-6545
-3636
-5913
2642
3499
8106
-5563
-8652
5594
-6287
2646
8681
-4079
-6217
-6158
-5008
-7490
4246
-6194
-677
7154
-2235
3742
-3482
-8790
-5733
-4012
-1643
5920
1197
-8644
-6473
-3351
5513
-7523
-3210
4110
-638
146
-8702
-5579
9316
4115
2929
-9670
3105
-1720
-2209
-475
5662
-9864
-3899
-2240
9874
8221
-9841
-2794
-7463
-4966
7909
-502
3539
-1438
-1609
6867
6217
-5530
8723
3310
73
3217
5996
4506
5999
6252
1121
-6603
-4653
9059
-7869
-1856
-9310
915
-7817
9550
-1619
-9771
-5651
-4423
1638
1067
-4933
1472
-1879
-125
5074
715
-425
-5474
6657
-9663
9682
8646
-7638
-4732
-8151
-950
934
-6462
1975
-3168
8923
-6228
-8952
-6301
6148
6848
-2860
2799
-8729
-6784
-1995
-4382
5389
8613
-2979
-7352
4728
-4104
-9298
9450
4069
-452
9202
7703
3163
-2617
-9873
-4470
-4775
3453
-5335
1482
7512
8761
-3349
-225
6495
-6433
-544
6176
-4097
2886
-8962
7240
-3926
-9742
1606
-3559
-5954
-4883
3194
-3707
702
7424
-3568
-5208
6393
8377
2027
2852
-5217
5540
-9112
8061
-2281
-7253
8047
3747
-8611
-623
-2602
1048
8930
-2890
-8256
-5632
4722
2191
2246
-8723
9454
-3360
9243
2092
3857
-6422
-9932
562
-8428
-8690
6819
-2943
-3342
7878
4234
721
4627
9077
-2473
-7655
-5247
5232
1283
2070
1903
-3971
-2045
-883
5337
-8094
404
2904
-82
5298
3471
-5488
-1491
7389
4721
-6986
-9532
2179
-3657
3952
8595
-7070
-4700
-4618
-6042
3650
7243
-2338
2382
6944
-6639
-1978
4383
7355
-6435
7727
-5061
5382
-7559
-853
5182
-3872
1765
-6794
-8543
-5309
2596
6016
-71
2930
-7450
3936
-9909
274
7734
-64
108
-3785
-7343
-48
-7498
-6904
5933
-7017
-5801
-3683
-9912
100
-6709
2900
-4573
3208
9474
3067
7354
-3607
2793
-7680
-8002
-3932
6220
7831
-5371
7600
-1145
-2808
8064
7408
-8858
6547
4213
-9010
100
5723
3825
5093
-6123
6175
-1452
4860
1770
3575
8527
4465
679
-3826
-4544
-258
-7422
1413
4859
6281
5223
-9191
984
5890
-5450
9860
-2182
7698
3725
1862
-6052
-7653
-5829
5558
-3810
5432
7259
-9148
-5451
-7600
-6753
-7911
-7993
-5582
4806
-8507
209
-4899
-6673
-5782
-5681
-9462
-9674
-9468
2486
6488
1564
6492
-9031
-9105
2571
-8412
4598
3317
1546
-4625
-8219
9023
1886
2966
7503
8112
-8935
7855
-8645
3042
-7599
-4978
-8371
7130
7413
7983
3114
-8431
7197
5966
-8161
-2333
8510
-2263
8131
6152
-145
-103
9338
820
-4120
-6044
6999
9511
5405
-9771
7416
-6674
-7648
5588
-8231
6091
-4824
90
-9625
-1505
-2695
9421
-1130
3635
562
2767
-9909
1825
1544
-7864
8310
5838
2268
-2714
-1430
-3022
9729
7505
7018
3246
1859
-1869
5429
2328
6957
3819
4129
5336
429
3152
5045
-713
-852
129
-8370
-8670
4861
-4962
-4843
-5896
754
8238
-7129
-6549
814
6009
-1675
-441
-4185
-2226
-5481
1447
2456
665
4955
7346
4521
8234
6093
-6384
-5128
-6654
2610
-5863
-4302
536
4494
-2552
-5943
8819
1311
9496
-981
-7896
-5337
-591
7971
7290
2038
1913
-3808
-1204
-8245
-5248
5643
3567
-4034
3354
-9060
199
6825
6245
-5474
4840
-5175
8342
7119
-4767
-9988
-8570
-9950
5164
-35
-2684
4045
6457
5733
-6841
-6492
-5418
6481
-89
5661
3113
8580
6238
-7489
-5832
-7997
-4902
1018
2363
6731
-9821
-5268
577
1671
-3143
-2164
-9331
5775
-8287
1953
-7219
1499
-4457
4160
9413
-9281
-1390
2887
4378
3194
6067
-6093
7056
3990
-4311
3784
2990
-7102
1324
5960
4854
-3969
1659
-4917
711
-8444
-8293
256
2543
-6149
-8602
7911
-986
-758
8853
5493
-4853
4929
-3258
4378
3574
-4291
7201
-7691
-347
4402
3954
9148
1858
6450
2212
7564
-2080
5720
-2848
-9126
4046
9458
-4601
2957
-6501
3777
5101
2828
-7697
1168
1720
-8194
3487
-9954
-2408
1083
-2660
3699
4721
-6808
5326
-6968
8404
-7921
-6022
-9136
5795
8175
1671
8728
8655
7991
-8868
-6173
-6326
-4143
-2490
9236
-2493
-6353
1695
8437
-1928
-691
5247
-3573
-5878
-550
-9941
-3457
-3882
-8874
-7095
7345
9301
-8848
-7692
-4261
-6485
5984
4894
-3476
-3538
-9767
-4489
5811
1113
-7374
1349
-8263
-7851
-8411
2905
3531
9057
5110
-630
9791
-294
-4247
-6923
946
4175
-213
-2501
5852
-714
-5449
-3718
3301
-5971
-6372
1761
2476
-8140
8326
-4642
3423
9789
1142
5613
-4304
5449
7106
4604
8852
-3658
-139
-7336
-2918
-2927
-173
9569
-4190
3403
6883
3040
8118
5855
8891
3666
-4582
-1113
2896
-7919
-4518
-9655
7272
-5213
-227
1092
-8432
3002
3771
7964
3305
-3331
6012
-3063
-4268
6016
-2322
-8014
-6402
1271
8428
625
8146
-6109
219
-3081
9161
-9146
9546
-5500
119
9812
7308
-6757
5609
1796
2134
-7421
-4791
8849
-3283
-6453
672
-4217
-6336
-3533
-1774
6025
-6368
7316
-3912
9028
9196
-1885
6569
8651
9323
8696
3057
-4961
-7038
6034
-1134
8126
1521
-344
1172
728
-4979
2779
8090
-4976
-6032
-914
-317
-626
-5823
-7661
-5706
8009
3508
2757
-4048
271
4091
6456
-8704
6179
-8926
4315
-8247
-9004
-9359
1986
-9547
3861
-374
3507
-2305
-9815
-6159
1927
7292
9131
-9782
8754
7972
5893
-6193
-7429
5359
-6451
4626
775
4330
9705
-5502
9983
-2930
3115
-7689
-4811
9062
6604
-5095
935
7122
6739
-4224
-3747
-3399
7777
1175
4744
-4899
4710
-9969
656
-9276
-4052
-9146
9000
-7538
6450
-3181
-7799
-2550
6991
-50
3744
3184
8151
-8038
7001
2664
5347
-7031
2875
-8886
-4608
-825
4447
-1467
2203
3541
-9662
9002
5052
2729
1263
-8188
2088
-1645
7617
-1393
-2258
-4762
6475
-6332
-4445
-28
9199
-5241
5349
-4699
-7891
1265
2024
-2200
6283
6210
4247
-2425
6797
-4590
-2426
621
-7463
834
-3420
-4524
9297
-8764
-9789
3060
9892
2607
8480
-8415
387
-178
7024
-4374
4780
-9665
-9307
6187
4369
6610
7853
7957
991
-4212
-6891
1410
1611
-2789
4788
8209
-4551
2658
-6953
9763
1448
811
8473
2411
-8500
5521
9678
6478
-7281
-4477
3985
-7927
-3248
7395
9999
-1048
3945
-2536
-470
-7335
5477
100
-8157
-4914
5024
3167
7503
3192
-9918
5366
-3944
-8477
-8893
6588
787
-8447
-6832
2265
-2538
7832
-6346
-3834
-8700
3505
-4409
-550
1162
4383
-2961
8758
-420
6642
5613
-1347
-1420
-8551
9527
8024
-8181
5055
9456
-217
2493
-5921
8591
7838
3956
-1738
473
1764
-706
-8151
7393
-6000
6781
-3006
-8498
933
-8418
6763
3164
-5980
2578
2145
-4902
-6947
-7337
4014
-5782
9627
5912
1289
-5856
-4810
7865
6100
-6466
1490
6271
-7540
-9875
1721
-7283
5424
-3870
9500
5951
5148
-2290
3295
2209
8014
9081
-477
7632
1432
520
3730
5806
3444
6356
1968
-8260
4980
1673
7398
2149
6213
4417
8120
241
5400
2360
-4396
-9874
5590
9719
-1350
-6660
-2118
-7489
3074
-5547
6436
-8993
-9053
5521
-3161
7967
8369
-7453
3684
-89
-1650
6606
9034
4411
-7181
9837
-9610
8533
3462
-4121
9082
-5359
6281
-3779
7873
8018
-8114
224
8691
3174
-1337
6228
-7044
-4030
517
441
-9554
-1574
-1374
-5867
5661
-1474
-3975
6880
-8108
-2903
1834
-2935
-425
-1194
-4872
2130
-8854
4807
7653
-8310
8049
-1702
9221
-530
4118
-4351
4143
8691
8538
3306
-7073
-9667
-5157
3525
-1471
5362
8341
8906
1897
8417
7132
7209
-2213
1382
-6087
-7510
3027
7587
2859
-5510
-1343
-142
2424
-4603
-525
-6317
615
-1867
-4091
-4561
2879
-1188
-3466
-827
-6395
389
-9084
-6324
8777
-4910
-9581
-5781
-2127
-449
-5190
-9837
283
-4724
7589
8325
2165
-9046
-2006
-6142
-2482
-5559
5564
-7355
-9174
4989
2748
-2997
3399
7581
-4628
-8776
-7143
2469
-7552
-9481
1155
8945
8733
-32
6628
1705
7631
3479
8047
-6786
-8124
-8488
4077
-1508
-7568
-889
8118
-7669
8130
-3345
-1244
2674
-6242
3085
4787
-6516
7881
4044
1883
-1170
1820
-8787
1337
4024
1884
-846
-345
-2599
8012
-7875
1719
-4985
-4388
6785
4929
-299
-6596
-7484
727
-1495
-7882
8062
-6867
8110
-3347
-7373
2002
-801
2195
9389
-6884
7688
6147
-2639
1940
-3394
-4555
3271
842
3232
-8532
-1673
-3343
-1441
6283
-4059
655
-9246
-3432
-796
3272
-1324
-9521
-5608
6363
4915
9723
5450
5030
1782
-8645
8142
7551
4228
-6395
9288
-5628
-37
5949
-8216
-607
-293
-5009
2093
8388
-4538
-2954
-672
-7151
1951
6914
-6027
5521
-9608
-7704
1831
-6025
9871
-2658
-3231
-3873
-1935
9114
-2280
-5434
5831
-1074
-670
7922
7395
6715
-1886
-2344
4575
7229
-9703
7312
-9752
-4840
-4533
-9915
-8029
-9333
5316
-276
-6104
5206
-826
7845
5068
9459
6366
-3365
3955
-5782
3575
2655
-6874
6684
4664
-834
6639
-7301
-5834
8922
8967
-4105
4798
5662
-3464
-8754
-276
5060
-8318
6279
-8199
-9082
707
-6457
489
-1008
9523
-4551
-303
-5821
7154
-6511
8127
-2295
473
6993
-6190
5811
2614
8877
-1642
-8014
-2297
6981
1226
9582
7643
9085
505
-5620
-7168
-9278
-5736
6271
-4582
-9314
2284
-3411
-6242
-7734
3796
5274
7663
-7282
-9303
-4
-832
2770
139
3394
-2209
-2311
-9314
4357
-8509
4541
4507
-6317
9649
414
9492
166
5897
6092
2689
-2865
-6405
3740
8124
-3962
4438
-3880
-4437
-6123
5020
-2422
-1893
-6650
-6822
-9505
2601
-1396
6193
4058
6317
-1037
-4853
-2411
-8341
-2139
-5291
-7134
7319
-6998
-7817
-3028
9906
-2437
9888
2478
7851
-1558
460
-1362
-5656
-4085
-8846
2492
5668
-9939
-5700
8981
-1785
3358
7138
-9547
5595
9413
5435
3149
7729
6708
8393
-4271
-9489
-1603
6704
-2365
-6278
3591
-8213
6177
415
1824
-7437
-5014
6054
1761
-3159
1452
5468
8431
1497
-1601
-206
5743
-4807
6749
-8383
-9966
8231
-8153
-2485
-6734
-4742
2328
2265
1179
886
-9146
-171
-3794
4726
-7390
-2612
-2224
6682
795
-7666
2042
-1478
6489
-3268
-996
-2556
6598
-4115
-4694
1500
-5399
7949
4051
-181
-8834
-2986
-9516
-2964
3457
1912
9521
-9312
867
3422
-6214
-7219
1107
-5020
3577
7014
-4894
-2208
1885
9925
-8414
9620
-1606
-2218
-2428
6866
4509
-2346
-8971
7336
-3732
7004
1977
-5421
-4189
735
-919
5953
4751
9793
6841
4963
-5374
1420
-9053
9642
4578
-5709
7869
6927
-1265
-5120
2320
5621
9930
-4325
1341
4832
4900
9736
3399
-1021
1483
-5665
8939
292
-1390
2353
4404
-9928
-9850
-945
-6828
-8892
6080
-1024
8410
6429
-7867
9492
-5122
4835
5550
8391
6354
-5531
1067
-3963
1752
-6153
1922
-4561
581
-5649
5144
-2896
3942
9055
5842
-9068
1727
-5360
5771
-7036
5587
7644
5302
7368
-709
-5274
9111
2004
6593
9461
3161
-3169
-1181
2979
2667
-8486
4113
-3187
7268
8975
6644
5244
-7354
-533
-1698
-726
5316
589
-7848
7349
-1328
-7283
7359
-3140
-8868
-4133
2254
2090
8909
3906
3264
-8775
4145
-6066
-4862
9017
9222
-9871
4771
3730
-5965
8993
9947
4889
-8658
-4149
-9241
-8865
-3014
8676
7984
6560
8935
-9081
-5589
8432
-169
-4918
4253
5155
4080
-3060
-8552
-6205
9137
-4125
9434
8928
2803
3334
-7579
-9152
-2694
-4761
-5953
1922
-8003
5685
7272
-5501
-86
-1114
-9175
8138
4421
2816
-5789
-6428
-3359
-3597
8538
5528
-4536
-7272
-1784
-2966
9684
2293
4528
-7569
3845
-6091
-8955
-9816
2962
534
6873
8065
-7818
484
5649
-1443
5955
-2801
-6931
3869
-2832
-7178
-4910
-6461
-20
1107
7312
8386
-9609
4962
6349
-784
189
8500
1913
-3667
-3194
-6408
5493
8820
-7828
-6648
2009
-334
4404
7428
-8491
-4088
9217
-1547
7425
-5079
-9498
8898
8439
85
-552
7753
-2247
-6582
4797
-323
4096
-225
8918
243
-9045
-3987
-8806
-7631
2983
6399
-2294
6161
4287
-2130
3524
9732
8247
-8124
-7129
4128
-9412
-9185
-3152
-6323
-5214
3844
9184
-7832
-4738
-8189
456
9348
2150
-2402
5624
1539
4154
9423
-892
-9487
-5112
-1009
-3588
-395
9959
-9189
-9622
-9011
-7578
3083
-6107
8217
-8962
3656
-7955
6049
4564
8347
-757
1524
-4531
-1343
9228
2000
5270
4266
2170
-4226
-5786
5666
6094
-946
-7172
