109
911
9551103
8533711
506242
9810308
1484744
4958823
3788477
28418
2980275
2043018
1579143
192764
5854788
7915094
2753242
583245
2090997
4298171
5286908
663774
5417855
3768112
7186001
4525661
2385970
8242467
6327144
4238831
1716240
7181769
1293289
4059039
9030289
6881041
913877
8548142
4861793
1739516
2503717
619731
5734501
2905863
8079228
6832701
785386
2977814
8724625
4309540
9912299
5344905
3851430
1869484
9583153
5519458
6370478
4114591
1175949
7653026
4322107
3352331
65613
7775080
9751283
2060409
2328183
7548459
4964085
9229855
5442401
4009734
5106536
2269382
8808518
1195513
5541426
9707780
1462999
7763935
8185297
53950
3679085
4900112
3752073
1032717
1615021
1791559
7666194
5744806
7818877
9997020
4788095
5509764
3485965
4655533
8128960
6674626
2717386
417082
5107698
2701229
3236939
2932884
568603
7282403
6612934
4453471
6079478
119426
7025024
8009537
5153985
7832211
3764573
1791113
527076
4295214
8996947
1619452
2751941
2479281
787772
1684998
5090584
7950650
8702250
7351649
5651696
5108792
6813250
1801899
5380005
1615108
7453671
7364133
5399019
8838778
421959
5682014
7488528
7688960
6839103
147595
6864741
6600522
176364
9758163
217438
5463707
5085760
4126069
3127051
6326754
1888205
3852891
6473824
5777774
1745835
8839060
8980311
7414931
2110731
788679
9275502
8125697
8951850
6894590
4328607
6113406
5713667
9040078
6784704
1209073
1819545
2575507
6308075
4129520
5011923
1428351
6575126
5509041
7507763
3017783
7022284
6050359
9557511
1349212
3714469
7178488
9846424
5387907
1599696
4493204
4592964
7533158
4172499
4670559
7653652
4327095
6942584
384972
8844967
8670103
7850563
6736611
1093439
3280453
8677311
2767812
7810276
4251765
325
5093367
7095430
1739494
9019671
6855517
3786606
9441805
236851
9378973
4386772
2334704
2912310
2076596
5384756
4038869
4893892
7323160
575472
6249647
34691
5571400
772446
2657104
5654258
2201962
6295339
9772235
1755927
9727813
1445523
6319387
8090618
7138545
2990397
5246553
6381509
8000490
3594246
2809843
6767519
7854646
6449586
7708595
4049766
3846924
8145490
5933212
4755813
324996
3054328
4619681
1997950
9334851
7498136
83801
2400399
5245491
4732592
9041052
1541497
6462818
83241
2233319
1079164
5251317
395045
5884406
3089121
7491787
1247135
1083607
9330240
3968473
4922770
1449207
2117827
5500492
2101115
1195619
988924
3199249
9540407
9843435
2831454
197063
5786676
3279586
8098490
1002736
5208783
8060056
1270244
8378887
1407995
2482561
1718659
1621086
7806860
9239067
1973784
6892056
4834988
2648235
298
297
296
299
298
331
9378603
9349770
4226522
1070526
4965834
9407923
3501395
4536024
5279301
655137
687245
174158
1270194
5554301
8480340
6071802
6863364
8532100
3522521
7336113
6143627
830784
4479176
5913785
8344281
1278180
9156425
5244298
9193523
9034166
8103984
9884252
96781
158715
2112011
2821509
2057226
289488
6619798
3444661
518545
7090400
4183677
5714449
9912918
6958868
6710222
8848142
9097814
8296597
7546539
3481302
2026043
9537218
7842561
4403239
9811843
3055870
4866443
4333611
9099686
2692958
7483581
4900306
6098697
6866870
6133408
1475262
1367547
6838884
2379787
326361
2889675
9157891
4703618
8646897
6178998
2981526
1540200
9815379
6501322
1343906
75223
6804482
8063925
1376128
3523432
393773
2619883
4858897
1774053
8434330
1802130
1043284
3211319
2586364
5652547
53115
4408096
6040830
4605340
7920710
8142577
5432501
4126216
6292093
4277773
3061278
5715883
9945846
331
1594476
2893940
8144581
8074994
9777269
275142
2303176
8084497
760364
4365423
5802168
186135
469251
5182550
2156257
7426624
6403445
5022089
7626899
665945
232580
1002390
5464530
5532473
9582621
1420523
6671840
552222
1678047
6156165
7759829
4102676
5315220
7757635
5919599
485109
1638163
676938
3640498
9426357
4288970
545917
2726417
8753897
3688173
9879975
250175
1858584
3210809
5817143
2604230
3554428
9055079
1866219
940541
5706257
4341307
844231
2059150
3725924
9011846
9338763
2735500
7256782
2874191
8022381
7782917
2366073
6773078
4764049
9508077
9028251
9955820
5881087
1816446
7721325
1322691
360798
3981569
689556
6803091
6802181
3081509
6264589
8182492
6777533
4207499
6350878
3636084
5639556
1417967
8157482
1688852
2967247
1596421
4669932
9519657
4253944
2846636
9662950
7301909
1465226
8857293
9315
3238508
1988529
6814443
9153497
3796762
6960500
5943692
1322709
2758457
4464078
3060210
9863437
701252
2611687
4051775
225640
333750
8284302
4944173
6492937
1141004
4773987
2699702
9424222
9274590
1139850
6405598
2605236
7574708
400577
8573597
5377355
3564155
3374305
1621552
5109656
5501651
1580913
8248758
1456426
625724
8669530
2844113
4216888
6888180
4991055
9149409
5453815
1201846
8550110
1237477
6806264
2130009
3987027
2198458
1934361
8176642
8330721
9666020
5769722
7970063
479114
9486917
7320598
7882509
3947236
5406962
7277140
8502180
7681968
9208965
3239956
5267691
7960501
9003044
8957163
3803924
771299
936352
2384619
7202388
6861591
611013
7163667
2897502
8706470
4751811
9856824
4383951
466118
5391260
9445558
7505265
8961889
7963824
3939687
4411398
9864344
4243166
157946
6516398
7495359
1415707
1385394
4687831
2803269
9605025
9975323
7670773
5352934
7297523
363785
6852935
2672294
9684736
9257991
4603143
4097092
301166
8448204
30404
7580215
2054820
9762400
5496613
4836845
2239040
2794536
242750
5606578
6699520
9649296
664272
1832494
8786532
6379915
1127911
4411411
6086286
2568207
5193239
4278473
2430107
1272073
4388371
8440352
757296
7921484
9389477
3962242
3862301
199615
2671814
2459394
4099567
3175141
7479249
6050659
1005030
3538000
4519614
2396981
941708
9708169
3853947
8879682
5029155
9258471
5047720
5775925
8756339
366182
3765317
8087203
4918051
2075944
6311222
157585
5352769
8835291
6833289
9180518
6307653
7206996
8970708
2766680
3027653
8669057
5863332
4486941
3868169
4809285
9097154
3228145
459674
9750962
466481
9494049
7568766
5033357
1421346
1231571
8443366
5569156
5818794
3263381
6056354
462791
2707820
9575939
2244003
9974697
9266121
8047664
7168522
8442871
1444926
8002849
2698154
2432867
9354647
5499864
8592705
1717680
2037298
1900806
9213922
6134423
1542491
422059
213184
630435
2752516
3869195
4851562
6234834
4122678
6461149
3386160
4401242
546400
7879424
5434684
8787359
6562856
8441598
4320254
5832718
3610083
4749277
2694069
6486215
3088139
4197159
2747084
3183073
6151537
2746528
4469780
9689366
5535495
4742660
8547375
531249
9009074
8520168
6752856
9192012
3425722
2649789
8587442
6894414
9075849
2769845
6880964
8916932
6739874
6166499
572688
3277857
6142690
8941498
8874394
5551782
172016
7110711
1034123
6363238
6082623
1989737
2277979
1852223
5569469
6502503
986941
9016325
4233260
8349311
3885234
2666510
4576968
3494450
3485237
3812349
100545
8398416
6328054
1730168
7124339
7822437
8298066
653241
1281558
4805423
4121506
3055843
7051491
450492
2254480
7802938
3887513
1773713
9554283
5494327
7691332
8857335
1885046
147274
2644168
957958
3067679
5526042
5696768
3023937
209346
4384639
4156659
7518261
587442
4905915
3950075
5817291
9489333
4166764
1976259
106288
3961744
9613966
6128665
7721890
8530996
7624234
1116737
4070543
8664194
151193
1010148
271135
8227083
4495450
4319463
5519064
7202456
8488258
8128456
2912262
2578899
9452223
146112
6217315
5628691
2388920
7147391
1763200
4898037
344975
