149
912
9550691
8533299
505830
9809896
1484332
4958411
3788065
28006
2979863
2042606
1578731
192352
5854376
7914682
2752830
582833
2090585
4297759
5286496
663362
5417443
3767700
7185589
4525249
2385558
8242055
6326732
4238419
1715828
7181357
1292877
4058627
9029877
6880629
913465
8547730
4861381
1739104
2503305
619319
5734089
2905451
8078816
6832289
784974
2977402
8724213
4309128
9911887
5344493
3851018
1869072
9582741
5519046
6370066
4114179
1175537
7652614
4321695
3351919
65201
7774668
9750871
2059997
2327771
7548047
4963673
9229443
5441989
4009322
5106124
2268970
8808106
1195101
5541014
9707368
1462587
7763523
8184885
53538
3678673
4899700
3751661
1032305
1614609
1791147
7665782
5744394
7818465
9996608
4787683
5509352
3485553
4655121
8128548
6674214
2716974
416670
5107286
2700817
3236527
2932472
568191
7281991
10
6612522
4453059
6079066
119014
7024612
8009125
5153573
7831799
3764161
1790701
526664
4294802
8996535
1619040
2751529
2478869
787360
1684586
5090172
7950238
8701838
7351237
5651284
5108380
6812838
1801487
5379593
1614696
7453259
7363721
5398607
8838366
421547
5681602
7488116
7688548
6838691
147183
6864329
6600110
175952
9757751
217026
5463295
5085348
4125657
3126639
6326342
1887793
3852479
6473412
5777362
1745423
8838648
8979899
7414519
2110319
788267
9275090
8125285
8951438
6894178
4328195
6112994
5713255
9039666
6784292
1208661
1819133
2575095
6307663
4129108
5011511
1427939
6574714
5508629
7507351
3017371
7021872
6049947
9557099
1348800
3714057
7178076
9846012
5387495
1599284
4492792
4592552
7532746
4172087
4670147
7653240
4326683
6942172
384560
8844555
8669691
7850151
6736199
1093027
3280041
8676899
2767400
7809864
4251353
5092955
7095018
1739082
9019259
6855105
3786194
9441393
236439
9378561
4386360
2334292
2911898
2076184
5384344
4038457
4893480
7322748
575060
6249235
34279
5570988
772034
2656692
5653846
2201550
6294927
9771823
1755515
9727401
1445111
6318975
8090206
7138133
2989985
5246141
6381097
8000078
5
4
6
5
4
6
3593834
2809431
6767107
7854234
6449174
7708183
4049354
3846512
8145078
5932800
4755401
324584
3053916
4619269
1997538
9334439
7497724
83389
2399987
5245079
4732180
9040640
1541085
6462406
82829
2232907
1078752
5250905
394633
5883994
3088709
7491375
1246723
1083195
9329828
3968061
4922358
1448795
2117415
5500080
2100703
1195207
988512
3198837
9539995
9843023
2831042
196651
5786264
3279174
8098078
1002324
5208371
8059644
1269832
8378475
1407583
2482149
1718247
1620674
7806448
9238655
1973372
6891644
4834576
2647823
9378191
9349358
4226110
1070114
4965422
9407511
3500983
4535612
5278889
654725
686833
173746
1269782
5553889
8479928
6071390
6862952
8531688
3522109
7335701
6143215
830372
4478764
5913373
8343869
1277768
9156013
5243886
9193111
9033754
8103572
9883840
96369
158303
2111599
2821097
2056814
289076
6619386
3444249
518133
7089988
4183265
5714037
9912506
6958456
6709810
8847730
9097402
8296185
7546127
3480890
2025631
9536806
7842149
4402827
9811431
3055458
4866031
4333199
9099274
2692546
7483169
4899894
6098285
6866458
6132996
1474850
1367135
6838472
2379375
325949
2889263
9157479
4703206
8646485
6178586
2981114
1539788
9814967
6500910
1343494
74811
6804070
5
8063513
1375716
3523020
393361
2619471
4858485
1773641
8433918
1801718
1042872
3210907
2585952
5652135
52703
4407684
6040418
4604928
7920298
8142165
5432089
4125804
6291681
4277361
3060866
5715471
9945434
1594064
2893528
8144169
8074582
9776857
274730
2302764
8084085
759952
4365011
5801756
185723
468839
5182138
2155845
7426212
6403033
5021677
7626487
665533
232168
1001978
5464118
5532061
9582209
1420111
6671428
551810
1677635
6155753
7759417
4102264
5314808
7757223
5919187
484697
1637751
676526
3640086
9425945
4288558
545505
2726005
8753485
3687761
9879563
249763
1858172
3210397
5816731
2603818
3554016
9054667
1865807
940129
5705845
4340895
843819
2058738
3725512
9011434
9338351
2735088
7256370
2873779
8021969
7782505
2365661
6772666
4763637
9507665
9027839
9955408
5880675
1816034
7720913
1322279
360386
3981157
689144
6802679
6801769
3081097
6264177
8182080
6777121
4207087
6350466
3635672
5639144
1417555
8157070
1688440
2966835
1596009
4669520
9519245
4253532
2846224
9662538
7301497
1464814
8856881
8903
3238096
1988117
6814031
9153085
3796350
6960088
5943280
1322297
2758045
4463666
3059798
9863025
700840
2611275
4051363
225228
333338
8283890
4943761
6492525
1140592
4773575
2699290
9423810
9274178
1139438
6405186
2604824
7574296
400165
8573185
5376943
3563743
3373893
1621140
5109244
5501239
1580501
8248346
1456014
625312
8669118
2843701
4216476
6887768
4990643
9148997
5453403
1201434
8549698
1237065
6805852
2129597
3986615
2198046
1933949
8176230
8330309
9665608
5769310
7969651
478702
9486505
7320186
7882097
3946824
5406550
7276728
8501768
7681556
9208553
3239544
5267279
7960089
9002632
8956751
3803512
770887
935940
2384207
7201976
6861179
610601
7163255
2897090
8706058
4751399
9856412
4383539
465706
5390848
9445146
7504853
8961477
7963412
3939275
4410986
9863932
4242754
157534
6515986
7494947
1415295
1384982
4687419
2802857
9604613
9974911
7670361
5352522
7297111
363373
6852523
2671882
9684324
9257579
4602731
4096680
300754
8447792
29992
7579803
2054408
9761988
5496201
4836433
2238628
2794124
242338
5606166
6699108
9648884
663860
1832082
8786120
6379503
1127499
4410999
6085874
2567795
5192827
4278061
2429695
1271661
4387959
8439940
756884
7921072
9389065
3961830
3861889
199203
2671402
2458982
4099155
3174729
7478837
6050247
1004618
3537588
4519202
2396569
941296
9707757
3853535
8879270
5028743
9258059
5047308
5775513
8755927
365770
3764905
8086791
4917639
2075532
6310810
157173
5352357
8834879
6832877
9180106
6307241
7206584
8970296
2766268
3027241
8668645
5862920
4486529
3867757
4808873
9096742
3227733
459262
9750550
466069
9493637
7568354
5032945
1420934
1231159
8442954
5568744
5818382
3262969
6055942
462379
2707408
9575527
2243591
9974285
9265709
8047252
7168110
8442459
1444514
8002437
2697742
2432455
9354235
5499452
8592293
1717268
2036886
1900394
9213510
6134011
1542079
421647
212772
630023
2752104
3868783
4851150
6234422
4122266
6460737
3385748
4400830
545988
7879012
5434272
8786947
6562444
8441186
4319842
5832306
3609671
4748865
2693657
6485803
3087727
4196747
2746672
3182661
6151125
2746116
4469368
9688954
5535083
4742248
8546963
530837
9008662
8519756
6752444
9191600
3425310
2649377
8587030
6894002
9075437
2769433
6880552
8916520
6739462
6166087
572276
3277445
6142278
8941086
8873982
5551370
171604
7110299
1033711
6362826
6082211
1989325
2277567
1851811
5569057
6502091
986529
9015913
4232848
8348899
3884822
2666098
4576556
3494038
3484825
3811937
100133
8398004
6327642
1729756
7123927
7822025
8297654
652829
1281146
4805011
4121094
3055431
7051079
450080
2254068
7802526
3887101
1773301
9553871
5493915
7690920
8856923
1884634
146862
2643756
957546
3067267
5525630
5696356
3023525
208934
4384227
4156247
7517849
587030
4905503
3949663
5816879
9488921
4166352
1975847
105876
3961332
9613554
6128253
7721478
8530584
7623822
1116325
4070131
8663782
150781
1009736
270723
8226671
4495038
4319051
5518652
7202044
8487846
8128044
2911850
2578487
9451811
145700
6216903
5628279
2388508
7146979
1762788
4897625
344563
1284476
