117
815
113501
129775
204666
144685
196614
372706
150459
264492
26724
239813
118043
28000
358417
5861
192346
187131
87202
38162
50356
131384
58539
103449
43610
139068
174557
97678
35890
162171
369839
54446
84908
2441
330939
288400
377729
35270
44109
142958
365607
104028
244295
213443
200398
388605
116975
64879
389171
353845
159116
189459
142783
166234
95025
289969
123749
284005
368842
214490
16539
18914
260680
355956
335599
114818
95573
134441
101607
180996
381100
17165
59539
296202
145551
276160
170746
78604
126955
86324
312576
127385
61175
206185
154225
103514
368402
65195
46452
295095
45165
60456
172049
313681
116642
103929
230613
208009
392701
269161
300740
245075
316541
199103
339300
387526
171812
45322
295746
146519
298128
270178
103339
320559
53532
8651
229891
266117
181102
81639
41739
218277
325744
116043
276630
321064
35130
69085
266466
339819
264222
334470
382752
95528
141172
388688
77664
79371
253463
90793
176052
45696
341050
182339
311026
43897
287685
146050
321060
258749
311892
119008
208862
144799
153910
216643
94139
217831
2370
100492
83633
46170
130083
381711
263066
111716
371574
85912
313224
11199
353943
248302
31305
389782
173282
228617
141621
136707
41826
113221
244093
23683
155721
148078
348510
22941
31283
177027
147177
69549
48579
308648
53063
357225
175946
320561
217020
347333
220409
366750
38785
288649
66811
34880
314923
182457
117172
181950
327854
366207
392710
392711
392709
392710
392711
392702
180333
10188
172553
66997
84389
366424
74481
270770
13161
263973
362188
260959
38536
78428
133885
345820
353154
126764
182025
279182
238445
160079
246263
16201
292913
1020
379357
283252
265743
320568
37445
167313
206122
282773
119909
112901
300218
44035
362326
132023
144609
391516
26414
298482
365272
83186
192708
313202
132373
126422
384554
281077
130253
191464
388282
205981
44445
81536
134307
65657
288285
145954
342956
57043
246304
374357
279268
166212
106357
39355
223272
116172
4203
96988
318503
236433
192050
237134
290452
141458
368435
175596
174882
354164
50766
370058
241204
366180
274445
96599
33756
34273
169541
388286
328102
247740
35246
326717
305283
104392
277808
3465
334633
107822
182645
290211
27513
225880
322383
127514
368539
151031
126156
298835
3255
89635
135752
15711
392694
133247
297854
30577
244919
187985
311590
82008
157712
368145
379332
176490
280752
165626
112878
36803
324578
78282
157686
83383
160529
302829
50642
266905
263518
7996
230858
2193
13582
127738
288335
170944
82823
135749
30170
8019
135925
51760
102544
116820
151337
198141
34613
122156
298039
203760
20257
266022
257194
3545
146625
323502
287939
161189
53103
193324
78078
226403
102805
209596
196645
143265
285923
19090
133440
233752
195318
221250
90776
130927
359001
384991
145377
47804
53455
118634
325753
226735
75894
370080
115978
353135
26377
354863
157412
250800
31800
21532
364646
287592
335609
82192
246824
155358
338532
177357
355249
341302
36003
130431
167402
127545
162539
173740
389412
337260
273807
155038
221200
311003
91314
304216
47202
143074
376375
376041
306078
284454
146199
229186
8642
243111
1000
65987
66045
240190
280209
100353
120852
239246
96363
158297
273766
130144
254057
310332
14441
199651
289070
327924
298515
263546
262601
103646
274238
160306
184857
142706
345592
184500
206089
335156
99616
81791
208517
341261
374241
227964
312402
147433
138889
186372
216214
71100
143131
181296
331111
118030
50708
365822
167684
254942
172884
85504
318553
22722
282217
161530
325943
267817
185810
79287
244577
257871
359668
377777
209448
157768
294912
74805
347526
84478
39299
199187
327134
377286
288085
87438
4415
220839
139887
187564
38961
200771
45304
307125
330635
235952
228848
232605
65173
52697
213374
273244
68192
263448
188770
55972
277839
189203
279738
310492
328363
324884
219
83051
83714
21194
86928
253325
272082
279843
210256
186669
339667
274724
205606
103125
219759
136882
235658
363813
49597
244610
79930
170701
34582
185717
182841
131294
58687
15371
384458
86174
111571
139908
303079
286449
141239
232162
67569
141147
221232
289175
24601
145019
130296
371529
379966
41302
26391
27516
128616
104765
388579
100015
71922
259827
152013
274933
109332
94986
64881
152232
94248
103848
316878
21211
104559
364871
17739
243534
249757
285302
64663
167889
49557
328582
132854
221866
141765
379769
292937
227429
106668
237290
212268
146585
319525
372005
55490
98532
113642
252333
157643
268503
148177
345819
107689
84437
45039
70475
114937
113501
243164
150023
380875
392345
91926
273697
360380
317653
311135
164850
317754
114857
12777
59004
207259
280371
368973
93045
185263
292744
115570
345389
23139
87419
82055
240774
59222
224778
225348
8897
92362
237238
309832
79882
240183
126328
144338
176106
273715
136599
269356
133655
8928
167920
6229
176546
381341
225222
333332
265777
225163
360671
201063
92010
140192
307167
54977
77844
361276
306343
90856
187596
113724
234258
184571
336487
134057
228159
48270
390646
258353
7631
384020
10780
66219
101018
280504
222255
292517
283227
22166
79953
72018
272045
236095
97018
297911
210517
152852
161084
306038
58532
100000
362164
188483
299175
144310
32439
148674
316593
264901
100888
191216
361079
343475
311904
228418
2136
105325
49315
17771
21817
276802
163664
113154
341518
295651
93810
24393
55809
95763
98618
89730
343887
43849
361585
133490
208987
189975
246593
287049
386226
91773
291970
45429
36588
86307
347505
275644
317444
32801
43535
189229
147962
149182
7956
164815
48575
99086
269253
216676
48444
147604
157528
224524
344107
209177
154909
366713
