134
898
15
13
6
2
12
4
6
5
17
8
5
2
18
11
19
14
18
15
8
10
14
12
9
13
16
1
6
13
14
7
7
3
14
15
15
19
12
19
8
3
17
17
3
5
5
10
10
2
8
15
2
9
9
7
4
12
13
19
10
15
9
12
11
8
9
17
18
11
13
8
17
6
17
2
9
9
4
19
4
6
4
4
10
8
2
16
2
11
15
11
3
5
14
7
11
11
5
16
11
4
8
2
11
11
6
8
16
11
9
3
18
17
1
5
2
4
17
3
17
7
2
12
17
5
3
15
4
8
14
14
9
17
2
9
3
2
5
3
9
5
14
16
19
3
9
13
3
8
7
9
10
17
5
1
1
19
9
9
11
14
13
12
9
18
5
17
18
9
5
12
8
2
1
12
9
14
13
15
17
9
14
17
15
5
17
10
5
5
3
1
4
14
18
2
18
4
17
18
10
5
59
1
13
2
8
2
5
1
3
2
2
12
19
4
4
8
12
11
7
17
18
14
18
18
19
12
2
14
10
4
13
13
5
1
5
6
14
14
16
3
8
16
9
9
14
14
3
17
15
12
19
3
8
4
17
17
6
16
17
4
10
15
16
14
3
2
10
1
17
13
18
10
17
14
12
15
7
5
19
3
16
16
9
12
16
1
6
10
1
14
3
5
15
12
3
9
5
1
3
18
14
13
2
5
15
1
2
15
10
10
15
14
10
15
9
15
4
9
16
8
7
6
8
16
8
17
4
13
17
3
21
22
23
24
23
10
11
12
4
12
15
16
18
2
2
15
9
6
2
2
7
8
3
17
1
14
11
6
9
9
3
8
11
14
19
15
10
9
18
15
18
12
12
19
9
5
13
1
18
9
9
4
18
12
16
7
14
4
2
9
5
9
18
1
15
6
17
8
8
6
3
19
6
14
7
11
9
15
12
17
9
3
15
11
16
16
18
1
11
8
2
4
15
19
11
6
11
9
2
10
16
13
18
3
16
13
19
4
6
14
7
15
18
10
5
2
3
13
1
11
10
19
4
7
7
17
1
2
17
16
9
8
16
3
19
15
18
18
1
19
13
20
19
10
17
8
16
19
8
8
14
15
7
11
5
14
17
6
4
10
5
9
5
15
12
10
12
5
12
5
2
4
9
10
12
13
11
3
17
9
15
16
11
10
7
11
1
18
17
3
3
11
9
9
18
2
19
13
3
15
8
18
13
3
17
10
7
6
8
10
4
19
8
11
1
10
15
8
10
9
18
10
19
7
12
16
16
11
2
5
6
12
17
11
7
10
1
7
8
12
18
18
7
9
14
17
15
8
11
15
5
17
18
6
13
4
3
7
2
17
5
16
4
19
2
13
8
3
11
2
16
18
2
14
3
18
9
9
1
19
2
15
9
17
18
1
1
9
18
2
12
3
17
4
1
15
13
4
15
8
14
5
4
12
11
7
16
19
3
2
12
12
19
19
4
7
17
7
5
4
5
5
2
12
11
10
2
7
16
2
13
17
3
11
11
6
16
14
14
12
2
9
5
17
12
13
7
7
17
8
3
8
14
10
18
3
12
6
4
13
3
15
1
14
4
14
19
10
7
1
5
6
10
19
17
4
3
16
3
9
1
1
6
15
19
7
4
5
3
18
18
9
3
6
2
7
3
14
15
16
1
10
15
10
17
10
2
11
9
17
11
4
6
12
2
8
6
19
16
13
5
10
1
1
7
7
15
14
8
4
8
1
11
14
16
4
4
9
1
2
9
8
16
14
6
3
6
1
12
15
19
1
17
19
5
9
5
10
3
15
18
5
19
2
16
13
15
16
16
6
10
6
8
10
16
12
17
7
19
2
15
4
2
1
12
14
13
8
19
4
15
14
9
4
7
16
4
13
3
5
3
10
9
16
12
6
16
19
14
5
17
3
16
13
3
1
1
14
16
3
15
9
7
2
11
5
8
6
4
10
13
4
17
17
19
16
9
16
10
19
3
10
1
14
14
12
18
7
5
8
13
10
4
2
9
9
18
5
12
17
5
18
10
6
4
14
17
4
