1000
1 143
1 665
1 894
2 181
2 229
2 616
2 689
2 1007
2 1027
2 1045
2 1087
3 1105
4 597
5 843
6 430
6 763
6 789
6 922
6 1276
6 1388
7 122
7 249
7 482
7 817
7 999
7 1177
7 1352
8 164
9 1332
10 104
10 1128
10 1270
11 131
11 945
11 1043
11 1364
12 228
13 375
13 600
13 1355
14 271
14 581
14 682
14 1183
15 89
15 271
15 631
15 640
15 966
15 973
16 546
16 805
16 1048
16 1322
17 83
17 986
18 508
19 467
19 538
19 671
19 688
19 858
20 690
20 1055
20 1233
21 386
21 409
23 395
23 460
23 1295
23 1305
24 122
24 269
25 729
25 836
26 687
26 694
26 1208
27 408
27 485
27 710
27 768
28 222
28 683
28 759
28 849
29 369
29 384
29 894
29 1098
30 267
30 403
30 1127
31 546
31 644
31 660
31 671
31 1059
32 153
32 155
32 1068
33 234
33 444
33 1126
33 1263
33 1320
34 530
34 681
34 766
34 865
34 1083
34 1344
35 135
35 309
35 507
35 518
35 615
36 409
36 734
36 927
37 329
38 211
38 268
38 701
38 794
39 468
39 526
39 567
39 769
39 892
40 61
40 361
40 561
41 278
41 1251
42 403
42 751
42 1164
43 320
43 676
44 234
45 1048
45 1090
45 1115
45 1119
46 1059
47 309
47 526
47 1193
48 576
49 245
49 860
50 963
50 984
51 202
52 901
52 1085
53 131
53 273
53 915
54 609
54 1043
55 198
55 492
55 601
55 1186
56 824
57 370
57 1266
58 175
58 921
59 120
59 705
59 1087
59 1225
61 666
61 996
61 1068
61 1286
63 298
63 574
63 644
63 1287
64 408
64 496
64 959
64 1159
65 265
65 966
65 1155
67 521
67 619
67 1164
68 325
68 928
68 952
68 1207
69 697
70 484
70 1036
71 279
71 414
71 912
71 1219
72 244
72 785
72 937
73 354
73 762
73 790
73 1355
74 707
75 167
75 194
75 467
75 879
75 1145
76 999
77 344
77 670
77 851
77 1257
78 656
78 806
78 1127
79 209
79 952
79 953
79 1277
80 459
80 637
80 663
80 676
81 552
81 617
82 862
83 672
83 1103
85 1365
86 754
87 852
87 966
88 744
89 170
89 375
89 489
90 596
90 664
90 695
90 1309
91 200
91 269
91 802
91 813
92 217
92 219
92 370
92 1010
93 205
93 535
93 840
93 1034
93 1044
94 329
94 557
95 252
95 544
95 560
95 670
95 1083
95 1119
95 1159
96 146
96 171
96 339
96 465
96 534
96 974
97 793
97 1077
98 495
99 195
99 880
100 277
100 415
100 464
100 554
100 675
100 737
100 775
101 472
101 1196
102 18
102 1203
103 18
103 198
103 748
104 374
104 506
104 1236
105 102
105 395
105 1111
105 1301
106 937
107 190
107 341
107 477
107 512
107 1234
108 348
108 530
108 922
108 1043
109 146
109 608
109 687
109 902
110 565
110 704
110 827
111 581
111 891
112 512
112 1212
113 1056
113 1246
113 1251
115 7
115 581
116 791
117 1058
118 264
118 442
118 900
119 184
119 302
119 1101
119 1359
120 693
120 1323
121 228
122 1200
123 6
123 228
123 669
123 952
124 553
124 668
125 285
125 400
125 540
125 1203
127 1126
128 550
129 164
129 843
129 867
130 10
130 514
130 610
130 877
131 281
131 511
131 746
132 1071
133 939
133 1005
134 658
135 6
136 7
137 499
137 515
137 948
137 989
137 1174
138 190
139 594
139 947
140 808
140 992
140 1163
140 1238
140 1326
141 395
141 829
142 1270
143 967
144 1183
145 7
145 636
147 171
147 563
147 585
147 1059
148 6
149 6
149 652
150 627
153 814
153 900
155 148
155 452
155 593
156 989
157 326
157 652
158 195
159 325
160 10
160 1159
161 704
162 1412
164 136
164 155
164 1036
165 257
165 1342
166 1360
167 517
167 739
168 52
168 599
169 1287
172 9
172 258
172 856
172 1269
173 1271
175 1129
176 551
178 1201
179 789
180 781
182 856
182 982
182 1100
183 6
183 880
184 96
184 814
184 938
185 565
185 597
188 415
188 802
191 4
192 1384
194 281
195 1144
195 1275
196 683
197 445
197 774
198 2
198 482
199 397
199 1085
199 1146
200 388
200 763
204 98
204 1067
205 451
207 725
208 285
211 1348
214 489
215 424
216 802
216 1099
217 405
219 137
220 98
222 1392
223 169
224 370
224 395
224 428
224 717
225 825
226 518
226 694
226 1262
227 656
230 474
230 656
231 846
232 726
233 539
235 766
238 576
240 81
240 1166
241 241
241 987
242 482
243 676
244 856
245 496
245 1386
246 311
246 1082
249 535
251 465
251 563
253 776
254 696
254 1263
256 560
256 860
258 198
258 1040
260 911
261 719
262 540
263 905
265 662
267 552
268 1147
270 451
273 720
273 755
273 850
274 699
274 1057
275 1051
275 1239
276 933
277 517
277 930
278 201
278 1068
280 785
280 1168
281 788
282 398
282 408
283 158
284 500
284 865
286 679
286 958
287 369
293 1288
294 393
294 948
295 623
298 568
299 1318
301 630
302 412
304 126
304 632
305 506
305 1291
306 973
307 157
310 820
311 1045
317 760
317 764
318 630
318 723
318 896
320 352
320 736
320 1141
322 838
325 716
325 826
325 978
329 904
329 1231
330 71
332 260
332 1403
334 273
334 1019
335 227
335 828
336 445
336 571
336 1027
337 742
339 1096
339 1325
340 487
342 573
344 825
344 1297
345 1033
346 596
346 847
347 215
347 1228
348 257
350 53
350 879
351 319
358 770
360 659
360 720
362 824
363 580
366 1243
370 1052
370 1130
371 936
373 468
374 683
374 928
374 1255
375 362
375 951
376 803
380 655
381 512
381 812
381 1259
382 1124
382 1137
385 347
388 1061
391 468
392 1105
396 712
397 144
401 1152
402 1304
404 11
404 1165
405 287
405 998
407 1291
409 256
409 826
410 10
410 1127
411 20
411 369
413 1268
430 229
433 843
433 1069
434 743
436 464
436 1153
437 671
440 963
444 894
444 1148
445 431
445 804
447 502
450 30
451 980
455 1231
456 189
458 253
458 800
460 941
464 225
466 1006
471 256
471 646
474 257
475 354
475 783
478 859
481 722
482 1136
483 485
484 1011
487 1347
490 1126
491 450
492 726
500 12
504 428
505 135
506 639
507 394
509 570
509 796
509 1193
512 834
512 988
516 1105
520 1002
524 1236
526 507
530 374
533 1147
534 1021
535 611
539 246
540 1076
543 300
543 777
544 175
546 765
547 546
547 779
548 404
551 1310
552 751
556 886
556 1064
558 1104
561 1213
563 1008
564 774
565 1370
572 383
578 404
578 783
579 1001
581 1158
583 753
585 282
586 904
590 282
591 944
593 861
594 353
598 887
598 928
599 883
605 324
612 928
613 554
620 156
620 588
621 664
621 839
624 681
626 159
627 1281
630 453
634 425
634 887
636 169
637 729
638 479
639 281
639 1044
640 933
640 1124
641 502
641 579
641 878
646 279
647 587
647 976
650 1030
654 644
655 1076
660 20
662 786
663 871
663 1111
666 1395
671 27
672 288
675 740
679 1228
680 110
688 171
699 1053
701 1341
702 1235
703 69
706 75
707 607
708 675
711 783
712 336
713 167
719 1387
724 323
725 139
730 319
730 1057
731 1046
736 1247
737 742
739 1322
741 1240
742 1021
748 788
752 439
752 484
755 710
756 470
759 265
762 112
762 565
764 1125
765 449
769 1220
769 1239
780 721
781 370
781 570
783 675
784 269
786 1312
788 1211
789 885
792 541
794 736
797 1311
798 283
799 541
801 8
801 702
801 1065
803 594
804 996
808 1385
810 60
811 1141
816 1207
818 1194
819 302
819 1362
826 254
830 232
831 1173
831 1274
833 624
836 644
840 937
841 1282
844 485
845 366
846 1166
847 319
848 975
852 383
852 669
854 750
854 892
855 1028
857 681
857 1247
861 962
863 1192
864 336
864 739
866 229
867 1322
869 261
872 1373
877 604
878 1233
883 168
883 1026
889 16
890 694
892 1152
896 1148
899 1073
900 508
903 917
904 993
906 238
907 21
908 1339
910 40
912 1000
915 249
915 669
915 1191
922 238
923 760
925 481
927 1399
929 274
932 847
934 505
938 1017
939 700
941 1125
946 418
946 451
950 777
954 1235
958 812
961 915
966 1052
968 535
972 816
973 341
977 294
979 751
981 425
982 987
983 156
987 292
987 688
988 1300
994 365
994 533
996 470
997 824
998 118
999 857
1003 1297
1008 1375
1009 1072
1009 1259
1010 15
1014 66
1014 430
1028 544
1029 408
1031 386
1033 776
1034 784
1038 1404
1040 654
1042 385
1046 600
1046 671
1046 1225
1052 1337
1058 662
1061 587
1062 510
1063 717
1075 1202
1079 989
1082 1037
1082 1066
1085 863
1086 966
1087 927
1089 318
1091 1318
1092 868
1098 679
1102 642
1111 9
1112 693
1114 378
1114 826
1117 558
1123 873
1125 682
1130 70
1134 1258
1138 1314
1142 1346
1144 1262
1148 1156
1161 619
1174 313
1180 470
1182 525
1182 534
1183 1018
1189 946
1196 518
1198 328
1201 1045
1203 453
1206 202
1208 314
1209 1008
1211 306
1212 243
1214 993
1214 1204
1218 1101
1225 772
1227 1333
1235 437
1247 887
1253 374
1257 176
1258 350
1261 1009
1263 287
1263 461
1277 1103
1280 20
1288 203
1292 1044
1292 1238
1304 854
1310 50
1310 234
1311 459
1315 344
1317 1270
1318 1340
1319 1235
1320 60
