1000
-193 761 765
-181 993 996
-181 1374 1371
-179 592 602
-176 344 338
-141 1506 1498
-138 1183 1186
-123 1391 1392
-108 1345 1354
-107 650 645
-106 1130 1134
-103 305 314
-103 821 823
-100 90 98
-83 1378 1374
-44 986 989
-34 1352 1361
-28 172 174
-28 1429 1438
-23 1317 1309
-20 70 73
2 1118 1109
2 1172 1178
3 508 511
3 733 724
3 835 832
4 947 956
4 976 968
4 981 989
5 1118 1125
5 1303 1297
6 680 675
6 1032 1037
7 143 144
7 307 306
7 1285 1291
8 227 217
8 548 556
8 721 729
8 734 736
8 978 979
9 155 160
9 1232 1236
10 1105 1096
11 389 386
11 564 563
11 835 829
11 880 877
12 552 546
12 1005 1015
12 1344 1346
13 1017 1010
13 1367 1375
14 182 180
14 519 529
14 532 524
14 1009 1016
15 894 892
16 914 907
16 1027 1017
17 230 236
18 187 180
19 896 897
19 1165 1163
20 550 560
20 572 579
20 753 757
21 321 325
21 763 769
21 839 849
21 1124 1114
22 769 761
22 954 957
23 295 303
23 644 645
24 193 198
24 203 207
24 486 478
24 602 595
24 775 772
24 859 856
24 1094 1090
25 359 355
25 434 429
25 441 450
25 1026 1021
27 116 109
27 228 225
27 1133 1136
28 169 175
28 735 729
28 904 895
29 213 208
29 850 844
29 1118 1124
31 682 672
32 314 304
32 477 478
32 592 597
32 1173 1182
32 1304 1307
32 1327 1331
34 410 411
34 733 735
34 1042 1044
35 1041 1042
35 1099 1092
36 223 215
36 945 952
37 228 220
37 522 519
38 530 524
38 611 601
38 853 849
40 255 258
40 880 878
40 1167 1157
40 1422 1421
41 335 331
41 450 446
41 856 852
41 900 899
41 1007 999
43 948 940
44 484 492
44 1043 1045
45 781 791
45 871 872
45 880 876
46 627 626
46 897 904
47 391 390
47 802 795
47 858 863
48 744 746
49 151 161
49 180 183
49 651 649
50 284 288
50 471 468
51 321 327
51 890 897
51 1303 1294
52 276 270
53 424 429
53 979 969
54 315 313
55 188 193
55 831 833
55 1152 1149
57 150 149
57 440 443
57 1171 1177
60 304 298
60 575 567
60 854 863
60 1035 1044
61 539 545
61 1010 1000
61 1105 1096
62 306 315
62 428 434
62 1256 1247
63 652 654
63 806 803
63 1076 1067
64 1355 1358
64 1400 1396
66 959 960
66 1054 1062
66 1083 1075
67 560 557
67 989 979
67 1301 1293
68 367 374
68 928 919
69 123 122
70 1224 1228
70 1380 1382
71 419 416
71 828 835
71 1249 1259
72 1369 1370
73 177 169
73 458 467
73 883 892
73 1025 1022
73 1104 1099
73 1382 1385
74 264 269
74 340 338
74 468 474
74 839 836
74 1154 1157
75 146 137
75 1073 1074
75 1289 1280
76 329 333
77 270 269
77 1263 1256
78 173 183
79 388 379
79 986 993
80 427 418
80 665 669
80 862 855
80 1248 1252
81 238 228
81 990 998
81 1176 1173
81 1266 1269
82 820 825
82 855 865
82 896 898
82 912 922
83 646 647
83 929 930
84 613 621
84 1042 1052
84 1069 1062
84 1227 1217
84 1390 1400
85 323 329
85 1227 1226
86 595 591
86 809 807
86 812 807
86 1381 1389
87 91 85
87 436 441
87 1126 1128
89 337 329
89 541 539
89 926 928
89 1176 1186
90 439 440
90 918 910
91 246 255
91 679 678
91 926 930
91 1391 1383
92 108 100
92 112 118
92 618 615
92 711 706
93 787 795
93 980 972
94 461 460
94 639 649
95 174 183
95 304 297
95 597 596
95 689 682
95 787 797
95 1054 1050
96 885 886
97 179 175
97 588 591
97 676 679
98 642 651
98 828 835
99 166 156
99 887 886
99 1029 1023
100 490 485
100 913 908
101 880 873
101 1249 1240
101 1258 1266
102 25 18
102 397 406
102 1039 1045
102 1062 1058
103 18 24
104 580 585
104 688 690
104 824 828
104 967 968
105 137 140
105 263 254
105 668 672
105 761 762
105 901 904
106 362 364
106 783 790
106 887 881
106 1098 1107
106 1106 1104
107 372 364
107 901 909
108 484 489
108 1213 1210
109 1064 1056
110 408 404
110 423 415
112 449 444
112 524 521
112 672 678
112 1194 1186
113 618 614
113 918 924
113 1081 1089
113 1251 1248
113 1290 1287
114 170 164
115 16 7
115 612 602
115 896 889
115 992 991
117 413 407
117 1319 1328
119 618 628
120 391 395
120 489 487
120 831 835
122 313 312
123 6 15
123 527 534
123 795 789
124 209 199
124 1074 1064
124 1130 1129
125 91 100
125 695 698
125 746 739
125 1130 1138
127 478 479
127 712 719
128 1097 1100
129 95 86
129 282 285
129 1163 1171
129 1281 1274
129 1392 1387
130 15 10
130 892 882
131 260 257
131 657 647
133 337 342
133 437 427
133 652 642
134 128 135
134 131 138
134 571 562
134 1206 1198
135 6 15
135 206 209
135 210 203
136 15 7
136 559 566
136 1002 1012
136 1045 1048
137 929 928
137 1317 1320
138 1184 1177
139 894 900
140 425 420
140 519 521
140 774 767
142 306 310
144 864 868
145 7 13
145 777 783
146 517 519
146 1189 1186
146 1343 1338
148 16 6
148 1229 1226
149 10 6
149 338 347
149 574 571
149 1090 1100
152 810 804
152 898 888
152 970 972
153 99 96
153 293 285
153 1052 1049
154 545 541
154 895 899
155 168 171
155 585 581
156 442 435
156 520 525
157 686 695
158 646 650
159 406 407
160 10 11
160 273 277
161 852 861
162 216 220
162 669 664
162 1257 1253
163 425 431
164 929 931
166 427 417
166 1028 1033
167 420 427
168 714 705
168 1350 1346
169 382 384
169 508 509
170 802 808
170 928 924
170 1242 1246
171 929 936
171 1152 1144
172 9 10
172 430 431
172 977 975
173 342 349
173 365 371
173 1146 1149
174 1240 1244
178 251 245
179 935 927
180 373 372
180 822 815
181 271 273
181 881 883
182 203 195
182 439 441
182 586 576
183 15 6
183 344 346
183 705 700
184 310 307
184 611 617
185 1100 1095
186 1129 1128
187 589 592
191 4 14
193 311 304
193 530 540
194 230 239
194 993 986
196 1355 1357
197 640 643
197 821 824
198 11 2
198 902 908
200 586 589
201 11 2
201 832 833
204 98 106
204 321 326
205 144 147
205 689 683
206 723 729
206 1219 1216
207 1241 1242
208 1057 1048
209 968 967
210 966 961
211 725 722
212 945 936
215 322 317
216 492 485
216 531 540
217 1359 1361
219 479 475
220 103 98
221 1044 1052
222 831 838
223 1030 1024
224 1343 1350
225 1022 1031
227 510 514
228 404 406
229 429 438
232 653 657
232 1098 1089
234 878 869
234 1121 1117
234 1166 1165
240 85 81
240 280 272
241 260 270
241 649 640
242 383 387
244 1389 1399
247 437 447
248 1049 1046
251 466 469
251 886 878
251 1006 1008
252 1205 1195
253 939 937
255 537 527
256 289 288
261 588 585
262 904 913
263 457 451
263 552 562
263 790 794
265 224 232
265 426 434
266 443 434
266 793 792
268 545 547
268 670 671
269 674 665
271 1375 1368
274 1101 1106
277 473 480
277 519 511
278 487 484
278 777 782
279 484 476
280 703 709
281 323 332
281 676 684
283 437 430
283 929 927
286 565 572
287 341 351
292 113 123
294 685 681
295 1140 1135
297 697 689
300 540 532
300 982 983
301 617 607
306 923 920
307 633 634
308 371 368
308 1196 1186
309 984 979
310 479 470
311 1095 1088
312 345 339
313 197 202
313 438 447
313 995 1001
314 1213 1223
315 780 775
317 194 202
318 836 841
319 805 800
319 1196 1192
320 840 830
321 362 357
323 910 916
323 1068 1064
325 1345 1352
326 893 883
327 525 528
328 723 732
328 983 992
330 77 71
331 151 157
332 1089 1080
334 245 237
334 1014 1019
341 672 662
343 253 256
343 716 723
345 1031 1028
346 1316 1309
347 1086 1084
350 53 57
350 1001 999
351 382 386
351 812 803
351 857 854
352 398 392
352 708 714
352 1085 1080
352 1354 1353
353 663 653
354 466 462
354 963 956
355 1144 1135
355 1358 1362
356 1324 1323
361 1381 1386
365 446 453
366 240 230
366 411 420
367 194 186
369 1258 1263
373 122 119
373 520 511
376 1138 1129
383 288 283
384 432 425
384 1403 1410
386 686 688
387 707 697
387 1016 1024
387 1142 1137
389 812 811
390 993 988
393 590 589
395 609 606
395 1336 1345
396 175 182
396 274 278
396 1236 1237
398 226 228
399 115 119
400 286 294
403 277 276
403 1027 1025
404 19 11
404 125 121
404 711 708
404 932 933
406 709 701
407 459 451
410 10 17
410 680 683
410 752 760
411 27 20
412 473 470
414 454 463
415 72 76
416 695 693
417 1265 1256
419 977 975
420 893 883
421 1010 1017
425 641 651
426 1134 1139
429 363 372
430 179 181
431 860 866
433 828 826
435 901 893
437 497 502
437 876 871
444 151 154
449 553 560
450 30 37
452 1262 1257
455 1058 1055
458 819 822
460 866 874
461 222 229
464 620 614
464 1141 1149
471 197 202
471 1372 1369
472 798 790
475 874 884
476 300 307
477 110 119
479 815 823
483 294 289
483 1067 1057
487 1388 1378
493 644 646
494 106 107
495 744 737
495 1032 1036
499 1152 1148
500 14 12
501 1027 1026
503 558 551
505 141 135
505 1266 1270
506 673 681
510 402 412
510 974 980
512 1061 1055
513 978 970
517 186 178
520 729 727
521 317 312
526 611 605
530 877 885
531 1376 1384
532 521 530
536 565 574
537 915 914
537 1014 1024
538 811 807
538 939 941
539 660 653
544 1099 1090
546 704 708
546 1374 1377
547 834 829
550 647 641
553 727 733
553 1126 1128
554 601 592
556 505 510
557 324 323
564 293 290
564 363 373
564 588 587
567 529 526
567 921 912
568 255 245
570 468 471
570 1309 1307
571 240 238
571 403 410
573 682 690
575 142 133
577 1198 1194
578 962 954
578 1027 1036
584 636 635
585 1094 1092
587 1071 1062
587 1341 1335
590 604 600
590 920 918
591 790 793
595 1241 1236
598 576 580
599 421 427
599 1186 1194
601 275 279
603 482 488
607 482 478
607 1028 1023
609 878 888
611 919 912
615 79 69
618 1141 1131
618 1338 1343
620 618 619
620 1236 1229
624 901 897
625 140 136
625 1304 1314
627 810 818
632 1076 1085
633 464 470
633 670 661
634 737 739
634 892 898
635 744 737
635 1375 1379
640 787 791
641 398 392
641 437 441
645 359 349
647 979 978
648 600 591
650 740 737
652 664 662
652 1018 1025
654 1358 1354
660 23 20
663 158 155
666 546 544
666 992 991
666 1230 1221
670 1294 1290
671 37 27
673 1258 1250
673 1391 1384
680 772 770
681 722 720
681 1196 1204
682 597 604
682 679 672
685 441 448
688 428 434
688 1228 1222
697 1068 1064
700 2 6
700 293 300
701 293 292
702 811 814
703 69 71
704 577 582
706 75 76
706 679 682
707 934 925
710 1111 1107
710 1434 1430
712 788 784
712 1232 1223
713 238 247
713 947 937
715 642 634
719 725 735
723 162 158
723 459 450
723 989 999
728 809 801
734 1158 1162
734 1335 1325
740 1018 1017
743 693 690
747 391 385
749 1245 1255
751 288 289
751 623 624
752 1168 1174
753 508 515
753 580 589
754 470 462
755 493 483
756 335 333
757 1278 1276
762 104 101
763 625 620
764 339 333
764 436 428
765 934 939
765 961 952
767 1391 1395
770 1202 1207
772 170 169
778 163 156
781 930 927
782 601 602
784 774 772
784 935 929
787 481 491
789 705 711
792 264 265
796 520 516
797 682 676
799 716 715
800 1293 1294
801 10 8
804 574 569
810 68 60
814 473 463
814 744 745
818 407 402
820 1029 1022
822 196 195
822 749 758
825 177 179
830 419 412
832 614 620
836 413 416
836 944 934
838 1169 1168
840 581 577
844 1268 1267
845 1275 1270
848 574 578
851 1016 1007
856 387 385
856 664 666
857 629 639
859 552 542
860 1199 1204
861 1285 1288
863 942 940
864 1304 1300
864 1359 1360
873 744 752
874 797 799
875 363 364
878 983 993
880 9 5
881 507 510
882 1329 1337
887 767 761
888 383 386
889 17 16
892 490 496
898 730 726
903 1045 1040
907 21 26
907 1006 1012
908 1008 999
909 684 676
910 45 40
917 359 349
921 487 490
923 126 136
929 1252 1244
932 162 157
932 480 488
934 574 570
936 700 705
942 139 132
945 454 451
949 1031 1028
950 1211 1219
951 832 827
955 267 262
956 1024 1014
957 775 773
961 1395 1387
965 553 560
967 451 447
971 856 849
977 53 62
984 721 724
987 1366 1373
988 754 762
989 895 901
990 257 259
991 94 86
991 293 287
996 157 165
1002 441 444
1002 485 480
1004 434 444
1005 1243 1249
1007 502 501
1010 23 15
1011 685 679
1014 66 71
1016 291 289
1020 114 120
1022 141 133
1032 1222 1214
1037 366 376
1054 1206 1208
1066 644 653
1067 1106 1107
1073 1434 1427
1078 750 759
1080 1345 1355
1082 105 111
1089 589 584
1089 1221 1216
1096 667 673
1096 1199 1202
1097 735 744
1098 146 140
1100 174 172
1110 715 723
1111 9 13
1113 1243 1240
1121 187 188
1122 8 6
1124 1087 1081
1126 342 349
1127 1164 1168
1128 98 97
1128 380 381
1130 80 70
1131 355 356
1136 1261 1257
1143 513 514
1143 638 642
1148 688 680
1148 927 920
1151 155 160
1152 404 409
1156 536 541
1157 156 163
1163 302 301
1163 777 768
1165 1169 1167
1166 400 408
1166 1335 1342
1170 320 326
1170 670 671
1176 1211 1204
1181 124 133
1185 711 714
1186 1252 1251
1187 907 911
1188 1002 1004
1193 1232 1239
1204 472 474
1207 1098 1097
1208 238 237
1210 42 40
1216 372 366
1217 438 436
1218 863 856
1224 105 107
1226 1109 1099
1233 1230 1235
1235 309 306
1241 227 218
1241 1173 1179
1242 981 991
1255 5 9
1256 56 58
1259 862 856
1260 1259 1255
1263 1210 1216
1269 956 955
1273 226 218
1280 27 20
1280 978 975
1281 389 394
1287 363 365
1296 1085 1077
1305 137 134
1310 50 58
1318 1334 1340
1319 726 734
1324 659 660
1325 1068 1071
1328 97 101
1330 112 104
1330 550 545
1331 309 301
1333 551 541
1337 955 958
1341 840 834
1350 33 30
