1000
1 652
1 858
2 547
2 1307
3 281
3 830
3 844
3 871
4 419
4 582
4 928
4 1122
4 1281
5 239
5 674
5 772
6 1260
7 858
8 271
8 661
8 933
9 434
9 698
9 704
9 929
9 1083
10 405
10 760
10 1086
10 1230
10 1437
11 161
11 350
12 650
13 354
13 452
13 479
13 761
13 1321
14 273
14 953
14 1256
15 499
15 576
15 818
15 951
16 501
16 679
16 1360
17 83
17 141
17 533
17 950
17 1042
18 880
19 855
20 834
20 1097
21 139
21 607
22 340
22 388
22 515
22 539
22 983
23 681
23 913
24 368
24 846
24 987
25 90
25 456
26 756
26 1089
27 609
27 1147
27 1247
28 318
28 750
29 491
29 691
29 1036
31 604
31 930
31 1051
31 1062
32 316
32 876
33 449
33 1141
33 1290
35 836
35 1112
35 1131
36 138
36 615
36 1119
36 1149
36 1336
37 549
37 1264
39 313
39 774
39 1096
40 61
41 347
42 291
42 1083
43 732
44 939
45 582
45 588
45 638
45 1192
45 1286
46 164
46 1002
46 1012
46 1127
47 499
47 737
48 1202
49 1065
49 1085
50 287
50 1187
50 1211
51 591
51 806
51 1104
53 593
53 613
53 1077
54 662
54 1200
55 570
56 841
56 1261
56 1324
57 716
58 259
58 299
58 800
58 936
59 325
59 495
60 875
61 407
61 524
61 997
62 168
62 175
62 935
62 1063
62 1100
63 213
63 572
63 1001
63 1293
64 1105
65 485
65 566
65 602
65 618
65 1004
66 466
66 661
67 209
67 970
67 1240
68 1304
69 196
69 301
69 826
70 252
70 389
70 506
70 1106
71 371
71 438
71 502
71 888
71 1125
71 1153
72 272
72 661
72 1008
73 786
73 956
73 1163
73 1357
74 1180
75 219
75 621
75 838
75 1397
76 556
76 690
77 304
77 921
77 934
77 1193
78 897
78 1211
79 284
79 432
79 1104
80 972
80 1258
80 1260
81 379
81 686
82 131
82 341
82 392
82 1058
82 1374
83 423
83 554
83 1149
84 443
84 722
84 784
84 917
85 250
85 374
85 815
85 1152
86 124
86 489
86 637
87 282
87 394
87 545
87 940
87 1128
88 777
88 884
89 788
89 1199
89 1204
90 156
90 201
90 564
91 427
91 1078
91 1189
92 251
92 858
93 570
93 574
93 831
93 831
94 47
94 727
94 959
94 1049
94 1086
95 821
95 1263
96 958
97 360
97 487
98 329
98 395
98 1176
99 171
99 657
99 731
99 1203
100 678
100 1173
101 919
102 18
102 1221
103 18
103 217
103 243
103 1006
103 1351
104 99
104 988
104 1049
105 185
105 631
106 1144
107 102
107 1163
107 1292
109 954
109 997
109 1093
109 1128
110 214
110 1256
111 185
111 877
111 1074
111 1146
112 44
112 57
112 836
112 1024
112 1259
113 155
114 561
114 953
114 987
115 7
115 810
115 865
116 986
117 212
117 1136
118 1040
118 1287
119 487
119 492
119 681
119 1203
120 545
120 870
120 1364
121 423
122 58
122 1035
123 6
123 189
123 313
123 1139
124 364
124 647
124 702
124 1236
125 1391
126 831
127 1119
128 574
128 1003
129 139
129 658
129 885
130 10
130 863
132 421
132 729
132 977
132 1290
133 582
134 269
134 915
135 6
136 7
136 667
136 836
136 855
136 946
138 341
138 802
139 1060
139 1167
140 629
140 1139
141 460
141 652
141 885
141 1303
141 1366
142 655
142 953
142 1184
143 1082
144 592
144 1338
145 7
145 306
145 463
147 873
148 6
149 6
149 173
149 1021
151 905
151 930
151 1270
152 541
152 714
154 169
154 823
155 3
155 262
155 973
157 200
158 219
159 259
159 1006
160 10
160 674
160 728
160 1214
161 1007
162 404
162 545
162 1145
164 1259
164 1319
165 729
168 995
169 522
169 641
169 971
171 279
172 9
173 932
173 1336
174 1236
175 650
176 497
177 685
178 778
179 596
179 1162
179 1235
180 1285
181 195
181 398
181 676
182 623
183 6
183 470
184 1158
186 1169
188 439
188 813
188 1272
189 1175
190 816
190 817
191 4
191 143
191 548
191 925
191 1275
192 1273
194 149
194 1153
195 796
197 982
198 2
198 514
198 708
199 643
200 604
204 98
205 179
205 731
206 902
206 1077
209 813
210 236
210 603
211 220
214 1212
215 331
216 395
217 777
218 214
218 549
220 98
220 1168
221 715
221 832
221 1012
222 496
222 777
222 906
223 262
223 1108
223 1231
224 424
225 1094
226 944
226 1360
227 335
228 1340
229 944
230 650
230 1104
230 1106
233 1186
238 351
238 1064
243 883
244 377
250 187
250 744
256 865
263 641
265 366
265 1055
271 565
271 974
271 1123
273 980
273 1081
276 611
277 918
277 1077
278 1055
280 995
281 301
282 1216
283 1367
284 968
285 223
287 770
289 510
289 558
289 1102
290 931
290 1326
291 234
292 462
293 467
293 1076
294 549
300 560
303 1350
305 810
305 1350
306 958
307 699
308 564
309 286
309 450
310 10
311 10
311 408
314 555
316 310
316 792
317 552
318 530
318 587
318 799
318 1145
319 470
319 989
320 758
323 913
323 1077
327 300
330 71
330 1059
331 1198
332 222
332 397
333 613
333 992
334 452
335 273
337 211
337 930
337 1050
339 754
339 1272
342 924
343 485
344 1282
345 457
347 528
348 654
349 678
350 53
350 493
350 839
350 1143
351 1208
352 923
358 292
361 581
367 1347
368 561
368 663
369 440
370 688
373 1242
375 1286
376 696
377 663
378 346
378 1006
380 142
380 311
381 1073
384 925
385 434
386 657
388 922
390 365
394 346
394 741
394 1248
396 1346
399 1013
400 963
402 505
402 966
404 11
410 10
410 1278
411 145
412 227
412 541
413 773
415 692
420 10
421 666
422 9
422 324
422 380
426 1149
427 165
429 1211
435 322
437 630
446 922
448 235
448 996
449 676
450 30
455 1216
456 235
456 373
464 1120
465 268
465 678
466 926
469 809
471 464
473 1201
474 693
476 612
477 622
478 274
478 378
478 914
478 1102
479 1159
480 716
481 940
484 1108
486 337
486 856
487 588
487 1014
490 5
492 398
497 475
500 12
500 1283
501 239
502 1288
503 1329
504 284
505 135
508 550
511 434
513 994
514 1150
516 336
517 470
518 643
519 587
520 199
525 691
528 1303
529 497
535 995
541 1004
542 429
549 433
552 395
552 604
554 758
556 819
560 695
562 428
562 1135
564 928
564 953
569 1081
570 955
573 988
573 1364
574 977
576 918
576 1019
576 1144
577 384
582 106
583 406
585 373
585 496
587 873
589 486
593 541
596 290
601 536
601 766
603 375
608 828
608 1093
608 1140
612 871
613 1065
617 700
623 180
623 1124
625 1105
626 1056
627 1189
631 221
633 705
633 1221
638 398
640 471
641 1344
642 126
644 766
645 154
645 771
646 462
648 833
649 948
651 1045
652 785
656 526
658 708
660 20
670 753
670 791
671 27
671 224
671 1051
672 833
673 489
674 717
674 724
674 822
680 20
680 855
681 1217
684 230
684 713
686 1180
688 1222
691 419
692 83
694 512
699 698
700 1029
701 112
703 69
705 1194
706 75
708 1299
713 126
713 959
716 420
720 111
724 350
724 681
726 483
736 290
737 662
738 368
741 1007
751 220
752 393
753 923
757 523
757 962
758 181
759 459
760 1008
766 537
767 873
770 881
773 773
775 1368
777 134
778 172
781 485
783 1009
788 508
790 601
792 830
793 779
798 650
798 717
800 1207
801 8
801 1300
807 1229
809 608
810 60
811 1144
812 673
813 945
817 1018
820 201
820 984
825 507
828 1189
830 706
832 887
833 767
836 1137
838 786
841 863
853 442
854 176
854 179
854 914
854 1306
857 326
860 963
860 1000
865 603
870 697
871 451
871 891
873 724
876 782
878 841
879 1289
882 474
883 263
883 574
883 879
885 223
886 873
889 16
893 1292
894 1118
899 562
901 774
906 221
907 21
907 1204
910 40
913 686
916 891
921 988
924 445
927 1034
928 1226
929 840
937 589
943 288
944 1188
944 1365
945 1289
950 1331
954 302
956 1104
963 1244
964 300
965 646
968 395
972 517
972 1418
976 942
979 962
981 1361
983 1197
984 379
987 919
991 691
993 771
994 848
994 1339
998 797
1004 1284
1010 15
1014 66
1014 1351
1016 416
1019 367
1020 640
1022 480
1025 300
1025 302
1026 714
1027 1255
1030 122
1033 604
1044 157
1048 1226
1050 220
1052 863
1055 260
1063 521
1065 820
1067 719
1069 807
1072 1232
1075 331
1075 631
1075 1031
1077 780
1082 659
1085 619
1086 325
1087 1310
1089 641
1091 1174
1092 305
1092 821
1097 853
1099 1176
1102 204
1102 1003
1107 309
1109 473
1109 845
1111 9
1114 165
1117 936
1119 687
1121 1215
1123 1427
1126 982
1127 273
1130 70
1132 1361
1139 844
1145 799
1146 444
1153 1106
1159 603
1162 400
1165 149
1172 235
1173 184
1173 1100
1183 638
1184 794
1185 575
1188 337
1192 195
1197 159
1199 1115
1206 872
1207 661
1209 495
1212 229
1212 1394
1213 1002
1214 1120
1215 857
1217 275
1222 584
1224 1376
1235 745
1238 956
1240 1031
1243 739
1246 253
1249 537
1252 681
1255 1254
1257 795
1262 559
1273 313
1274 610
1274 651
1274 1243
1276 272
1277 1172
1280 20
1280 1423
1284 258
1284 268
1288 672
1289 178
1290 1279
1293 202
1293 261
1293 506
1296 657
1298 230
1298 482
1298 1142
1303 163
1304 444
1306 264
1310 50
1312 68
