1000
-198 1022
-197 948
-196 526
-188 685
-179 1097
-162 1538
-157 980
-152 1456
-137 1304
-130 536
-128 210
-125 537
-105 261
-100 90
-54 1000
-51 691
-46 1317
-45 143
-45 248
-26 1602
-20 70
2 934
2 973
2 990
3 804
3 910
4 1340
5 580
5 584
5 709
5 730
5 858
6 555
6 1125
7 1082
8 438
8 817
8 881
9 774
9 1022
10 282
10 410
10 678
11 398
11 616
11 689
11 1217
13 174
13 192
13 712
13 764
14 138
14 695
14 912
14 1019
15 607
15 1177
16 1387
18 132
19 124
19 567
19 1215
20 953
20 1300
21 124
21 477
21 775
22 505
23 244
23 346
23 769
24 166
24 1172
25 170
25 465
25 647
25 761
25 877
26 756
27 414
27 1014
27 1158
28 565
29 105
29 521
30 675
31 172
32 834
32 1204
33 703
33 832
33 1071
33 1089
33 1204
34 656
34 997
34 1038
34 1246
35 613
35 677
35 720
35 779
35 1071
35 1214
35 1224
36 831
36 1160
37 461
38 177
38 888
38 895
39 275
39 1043
40 134
40 320
40 967
40 1309
40 1376
42 554
44 441
44 880
44 1088
45 218
45 496
46 273
46 368
46 982
46 1050
47 479
47 519
47 891
48 714
48 762
49 662
49 733
49 813
50 392
50 609
50 847
50 1207
52 337
52 449
52 661
53 336
53 411
53 666
53 715
54 341
54 509
54 776
54 931
54 1187
54 1249
55 893
55 1083
55 1363
56 337
56 1261
57 926
57 959
58 613
59 245
59 984
59 1305
60 492
60 558
60 785
60 1149
61 381
61 497
61 678
61 750
61 860
61 1047
61 1191
62 926
62 1069
63 152
63 407
63 672
64 668
64 933
64 1149
65 609
65 935
65 977
65 1172
66 316
66 1183
67 250
67 624
67 627
68 756
68 1173
69 524
69 655
69 948
69 1221
70 154
70 496
71 291
72 99
72 293
72 576
72 742
72 969
72 997
73 677
73 1233
73 1294
73 1352
74 248
74 1324
75 724
76 1106
76 1243
77 126
78 1066
79 1167
80 1069
81 792
81 848
81 1062
82 1258
83 497
83 1207
84 103
84 1195
85 114
85 207
85 1067
86 1192
86 1322
88 149
88 341
88 593
89 331
89 501
90 243
90 780
90 1154
91 576
91 928
91 1034
92 92
92 714
92 873
92 925
92 1012
93 812
93 1298
93 1375
94 622
94 673
95 351
95 352
95 735
95 1090
95 1323
96 107
96 593
96 650
96 1054
97 605
98 1115
98 1153
99 589
99 1234
100 243
101 412
101 865
102 18
103 18
103 303
103 964
104 446
104 1146
104 1266
105 490
105 925
107 397
107 829
107 1329
108 625
108 1142
108 1256
108 1287
108 1365
110 332
110 344
111 1198
113 728
113 783
114 359
114 456
115 7
115 360
115 368
115 512
116 379
117 792
117 838
117 1125
117 1373
118 278
118 951
118 1102
119 291
119 419
119 648
119 920
119 1339
119 1363
120 446
121 759
121 857
121 1228
122 735
122 777
122 801
122 917
123 6
123 216
123 309
123 1137
124 596
125 259
125 597
125 1342
126 922
127 1399
128 351
128 1150
128 1156
129 179
129 689
129 860
129 960
129 1312
130 10
130 326
130 1186
131 578
133 325
133 466
133 547
133 914
134 995
135 6
135 167
136 7
136 943
137 500
137 1092
138 348
138 403
139 340
141 443
141 671
141 692
141 957
142 798
142 874
143 735
144 380
145 7
145 626
145 1124
146 307
146 359
146 1261
148 6
148 237
148 241
148 1293
149 6
150 520
150 1075
151 363
151 391
151 653
152 894
152 928
154 392
155 568
156 644
156 1171
157 1279
159 872
159 1098
159 1124
160 10
160 222
160 937
160 1043
162 835
163 247
163 460
163 1028
166 1255
167 560
167 1163
168 751
171 182
172 9
172 981
172 1062
173 577
173 734
173 838
174 746
177 1091
177 1255
178 893
179 82
182 444
182 750
183 6
183 118
184 330
186 713
186 728
187 150
187 1029
187 1168
188 733
189 591
190 859
190 1199
191 4
193 689
193 1217
195 306
197 344
197 1231
198 2
198 820
198 930
201 1341
204 98
204 837
206 222
206 304
208 1079
209 895
210 367
211 495
212 518
215 682
216 504
216 994
217 558
218 888
220 98
220 861
220 1035
221 473
224 610
224 925
224 1207
226 900
229 240
230 653
230 927
232 1190
236 651
240 81
241 1029
242 478
242 506
242 1057
244 838
245 1323
246 697
246 1000
247 925
248 1193
251 617
252 994
254 508
258 592
259 217
259 1063
261 298
261 726
267 641
268 232
272 343
272 562
272 568
273 269
274 700
275 663
275 1294
278 987
280 717
280 898
281 241
281 696
281 735
281 919
283 490
284 990
284 1236
285 872
285 934
285 1379
286 299
287 858
287 1099
288 484
288 679
289 847
293 1134
296 776
298 787
304 316
304 468
306 534
306 1067
307 381
307 1165
314 1189
316 468
316 616
317 484
318 133
320 84
320 1151
322 1164
323 221
324 972
325 646
327 156
327 1090
328 814
330 71
331 552
332 157
332 718
333 565
334 1190
336 1090
343 187
343 581
343 811
343 863
343 1189
344 144
344 227
344 449
344 657
345 630
345 703
345 1337
347 901
349 803
350 53
350 805
351 318
351 367
353 207
355 323
356 920
356 1021
356 1034
360 250
360 312
364 701
364 1040
367 610
369 983
370 329
371 492
372 471
372 950
374 1054
375 1379
379 735
379 887
384 1106
385 382
391 538
391 1319
393 372
394 801
397 922
398 766
399 221
399 975
399 978
400 389
400 464
401 947
403 745
403 907
404 11
404 617
406 197
408 496
410 10
411 20
411 642
411 1389
416 1304
418 302
419 713
420 233
423 580
423 921
423 1035
424 301
424 741
425 1004
429 218
431 450
436 638
436 1387
437 929
442 327
442 1351
444 603
445 921
447 1159
448 253
450 30
450 348
451 862
454 765
455 982
458 364
458 1267
460 1082
461 225
462 599
463 967
464 205
464 815
464 869
465 650
466 107
473 583
475 1312
476 924
477 1173
480 934
482 656
482 1367
484 436
485 666
486 784
488 768
490 1390
492 730
495 280
495 1176
496 220
496 1180
498 567
500 12
505 135
509 495
509 851
509 994
510 698
511 1212
512 282
514 1304
516 96
516 666
519 895
519 1318
521 323
522 368
523 622
530 1105
530 1193
531 1065
535 484
535 647
541 933
543 222
545 1117
549 1057
551 815
552 543
566 923
570 365
574 662
577 333
577 521
579 207
582 487
582 1152
583 713
586 364
586 843
590 699
592 951
594 265
596 466
599 925
604 195
611 1329
612 273
614 652
614 771
615 1023
618 438
621 1238
622 587
622 699
624 651
627 562
631 928
638 1026
639 149
639 474
640 389
640 845
641 398
641 920
641 1183
642 645
642 695
645 299
653 615
653 1146
654 751
655 966
656 347
660 20
663 270
663 675
663 759
666 1430
668 663
669 732
671 27
672 1246
673 105
673 1306
679 804
679 830
682 683
682 1263
684 1024
685 1119
689 1132
694 674
695 306
695 1015
698 544
698 731
699 821
700 2
702 796
703 69
706 75
706 141
709 1154
713 1131
717 767
720 1307
721 761
723 331
724 394
726 345
730 384
730 755
732 770
734 803
735 1187
737 777
737 970
740 1157
742 449
746 919
746 1089
751 936
753 1157
756 594
757 1387
758 333
758 919
761 110
767 759
768 387
770 668
770 1128
771 263
771 994
772 433
774 540
775 898
776 1062
777 608
780 511
781 1165
784 891
787 519
788 1111
789 1175
800 1295
801 8
804 137
804 855
807 765
808 959
810 60
812 779
816 276
822 613
827 429
828 80
831 1222
831 1341
832 399
837 715
841 267
841 1216
842 939
843 773
843 1320
844 1071
845 519
845 743
846 841
851 563
851 1028
857 1071
860 460
861 797
863 603
867 431
868 1032
882 1362
885 864
888 949
889 16
889 793
890 1226
891 123
894 248
896 307
897 345
899 882
900 668
901 695
907 21
907 1183
908 412
910 40
911 830
916 358
918 551
926 579
930 173
935 1381
942 109
947 434
949 1259
951 455
953 1097
955 1145
957 1114
959 274
961 172
961 618
961 1050
967 810
971 414
972 621
989 1018
991 969
997 1298
1005 948
1006 588
1006 857
1008 1193
1010 15
1011 412
1014 66
1014 817
1014 1344
1015 1344
1019 167
1021 614
1025 473
1026 877
1028 577
1028 614
1030 1320
1031 528
1034 499
1037 278
1050 599
1050 1002
1051 800
1053 698
1061 1192
1061 1272
1062 640
1064 774
1069 984
1077 1305
1081 270
1090 693
1098 1107
1098 1143
1099 306
1099 371
1102 824
1103 810
1108 52
1111 9
1116 401
1117 711
1120 730
1127 1049
1130 70
1134 1216
1141 286
1154 1132
1154 1215
1156 552
1159 159
1163 957
1169 552
1171 1024
1171 1304
1172 845
1173 638
1184 315
1187 448
1188 197
1194 537
1196 1026
1199 635
1199 847
1202 891
1202 943
1203 231
1206 921
1207 1060
1210 40
1210 1104
1216 385
1217 149
1217 998
1218 577
1224 1230
1226 518
1228 86
1230 731
1232 456
1232 1176
1232 1389
1236 445
1245 399
1247 832
1257 187
1264 599
1269 1327
1271 1126
1275 265
1275 310
1280 20
1281 217
1285 1374
1287 860
1289 927
1290 888
1296 117
1296 300
1296 524
1299 141
1303 515
1310 50
1311 737
1312 814
1319 149
1322 472
1323 963
1326 1332
1329 916
1332 1366
1333 128
1333 387
1334 461
1335 1396
1338 217
1338 358
1339 164
1341 372
1342 900
1343 200
1343 942
1348 291
1349 31
