-6118
6204
-4013
1087
1597
1911
9201
-5312
-4137
6211
-9758
-5935
3571
4115
1374
-1383
-4813
-6762
8191
-8404
-2023
-5973
-5189
-8445
-4016
894
-3511
-4067
-8429
8183
1617
-2491
-2899
-9442
4995
4215
6184
2670
4832
-2290
-2012
4065
-4838
-791
8490
-5084
-3474
5045
4464
7148
2341
1887
5952
-4729
9957
4165
8289
4855
5870
-713
1392
4758
3173
-6253
-9430
-9803
7117
-709
4860
9325
-5701
8966
3946
8780
9044
1342
-3273
-2143
-4790
-2071
5364
-223
-1858
-8893
6628
-3592
2417
-9675
8844
-8688
481
-3206
4652
-8595
-7818
-4037
-1667
8630
3282
-2920
4478
-422
4105
1467
-3532
3193
-1668
-248
-5693
-1799
518
2961
-437
-5915
3443
8606
-2778
-1089
8817
5125
961
-5168
-5486
5301
-4692
-69
-7932
-9434
3567
-468
-3573
-7830
2693
-5778
-2839
3660
-6374
8556
-2950
5806
-2386
-1544
-1578
-1366
-1030
8621
-9118
-1469
-4811
-9281
8731
5880
-779
5561
8163
-3836
2529
-6503
3658
5850
7418
-3134
-9484
6144
7565
2465
-7921
2345
-5392
-456
8143
8976
-6162
-9880
2693
-3738
6096
-9925
-5561
602
4991
-3923
-4459
7667
-5447
7137
-5889
-8265
1165
-3148
-3944
6767
-4659
-8015
-5737
1156
5197
-2464
-263
-9618
5280
6046
9920
-1947
8525
1354
-7718
-51
-9739
9518
-2179
4182
8560
4289
7048
-8179
8543
-5386
-5169
-9760
6239
5347
-5542
7528
2856
2972
-8994
7067
2090
-6008
1922
-6366
7088
-2553
-3848
2022
5476
5924
5681
1801
-2733
-2450
-7297
5513
-5832
6810
3597
4073
-2221
3395
4137
-3425
8829
637
7515
-9891
-6638
-2602
8617
4388
742
-5022
3063
-1703
4686
8879
-3307
-2117
-5940
-8952
-5200
1748
-6354
607
-4827
9858
8985
-7192
4170
-5544
-6809
-1676
-3992
1712
8813
3563
8023
-2451
2682
761
-1124
-9752
-1514
2819
-6163
-8268
-3602
8208
-7056
-203
-3232
6839
-4715
6739
2797
-4845
2342
2230
-9114
-226
9841
9367
8561
6053
7018
7276
-2807
847
766
1809
-7556
1366
-8917
7618
-9069
-91
2116
-5942
-8402
9551
9600
6512
-8401
7432
2098
-6687
-3357
1178
9833
988
1952
3706
-3474
3239
-4886
-1215
-8593
4326
5936
-2485
-2074
7896
1637
-8913
-6976
-6809
1021
9329
-3103
6185
7917
-3171
6671
-1324
7555
-8818
1790
-2822
8410
-1313
7973
6725
9553
6973
4959
7977
-8727
5521
4137
8321
-7012
4568
8235
-656
-2399
-3191
-874
3207
2172
1250
4555
2056
9028
1871
5947
-9850
-8400
665
-4891
3830
8895
-6287
8555
3508
8827
-5669
-1618
-5015
-9927
-9501
-4431
-9874
-8910
9041
9049
-4460
-8681
4226
-2461
-9066
8271
-606
8404
-8036
5393
-6937
9603
-2870
9960
7217
-99
-8071
8110
-314
2875
799
4711
-4248
-9614
-3104
-8556
493
-2410
-562
-7608
-4525
-1841
-7955
-7020
9261
6986
-7835
-4978
-5811
-1296
7141
19
-3672
8867
-9338
6149
-2826
5219
2295
-8871
-5618
8824
5041
-1042
1538
937
-8157
9793
-4599
-5689
9276
8380
9218
4431
-7525
-5919
-6505
-7687
6074
-9008
-1361
4088
-7097
8366
-1247
-451
4924
4453
1776
4524
5203
-5296
-9967
467
5300
-6395
-1683
6103
-2623
6811
7656
-4437
-9842
2011
8741
7871
-9162
7595
8910
3381
2478
1568
-6889
-9145
-4953
3518
141
9449
7821
7837
-819
3383
9765
-5046
-9156
-8213
-8968
-2394
7188
-2575
4545
1164
4321
-894
3311
302
7753
132
-8301
7991
3105
3057
3645
5211
-5259
-2704
6197
-3842
2561
-3388
-6451
-6518
-8257
3035
1968
-8982
7793
805
-6988
-9877
-452
3538
-7299
-8614
5305
-9856
-6522
9715
-8090
-2987
9493
4804
6304
4909
-1464
-8355
9376
9153
-1689
6491
3510
6588
-3097
-4395
-1397
3116
-456
-1033
-9878
-3686
-9531
-2398
-3267
48
-9363
-2326
1034
-9136
-8659
-9439
9143
-307
5682
-9798
-7291
-1556
-8731
415
-1552
-5621
3957
-5776
1400
-257
9981
7050
-6368
-2667
-8542
9060
4933
8869
8656
1047
-3229
-1268
8778
-7235
782
-1669
2561
2773
-4822
-9308
-3443
3084
-9681
2626
-7941
-6469
6851
-1026
6714
-1773
9868
9833
-4478
-4266
-9369
-7554
-3022
-5077
54
9255
-6712
-7206
1490
-1563
8761
-8910
5446
-3076
-2534
8857
-9859
3189
-6833
-6474
8451
-4744
-6872
-776
2455
-1470
-8032
-6787
-2600
-3256
2977
-5016
7204
-1501
-4553
523
-2552
-6323
4309
6180
-4166
-6234
-1195
-3753
7742
-9370
-7362
-4111
-9603
-3755
7237
-4967
5165
-9063
9905
9590
-7162
429
2415
329
-2234
4213
2751
543
976
974
-6014
8954
9164
5053
2112
7531
5530
2537
-3198
-6528
5632
4318
9982
-2685
336
-7405
-2489
2697
-7071
621
-3054
5466
-43
5627
-8064
-3077
-2406
5660
8174
-8709
-2837
1269
-3481
8185
629
1405
-7010
5420
5280
-5980
2977
-118
-6453
-2044
5190
159
-3764
-1521
-3405
-1090
1935
1484
-6198
-9
8154
-2998
-3224
-8259
-5469
7404
9794
3319
2584
-9306
-6705
-6947
-6496
-5896
-1941
3504
-5406
-4504
525
6494
-1025
-1256
1158
-8648
6129
2593
5959
4358
7163
-5760
6113
-5041
1308
1457
7353
2509
-2472
6484
8078
2879
1015
-9011
-5493
404
-8719
-6428
-8054
3917
4775
-2677
697
4846
-8294
6494
3560
-1094
627
-4004
-5840
311
8224
6302
1071
-3538
2960
-6653
-7264
5990
848
1575
563
2360
5087
-6927
-434
8354
3856
6169
5823
7051
7702
3990
-2042
-1072
-6525
258
-3125
9564
3723
3217
-4144
-5331
5226
-149
-5769
-7205
-9683
-5160
-4551
-1804
5654
-5806
9715
4897
1779
-8286
7800
-8376
-8772
-4939
7153
3111
1489
-2600
7828
-219
-369
2900
-4982
6015
6268
5991
-2709
5626
-3107
-2493
-2643
1582
9125
3892
1971
-8001
6654
7266
-5601
-4271
-2648
5832
8088
-8828
-6101
8916
-9426
-4498
-4762
2445
432
-1033
8379
-1983
-7594
-2910
42
-9845
-6070
-2492
6592
5467
6703
-258
4580
-7970
6147
-2974
-3841
-4559
7109
349
-5694
2144
-9379
-4787
344
-6334
8589
3914
2327
-24
2895
6053
2020
8610
7765
3801
6833
-365
-2151
5736
-934
5291
2588
8915
291
5591
-846
5014
-893
-9918
3892
4367
-5241
-2005
-3711
-9439
2965
6659
-7113
-2203
71
-9288
2013
-3735
-3447
-9877
-4193
-267
-388
-8202
8260
8523
9546
-4095
-8157
-8125
-5526
6024
-1796
3530
3820
6858
2557
-9438
3208
-2217
-4106
2043
6314
8556
-3953
-4460
2166
6636
7974
2537
1709
8755
-1909
-6639
-7432
-9730
-2542
-5437
7003
7781
3176
8827
-5396
-1491
-2605
-3740
5862
-5836
-958
-890
4239
-9300
-2464
3360
-5337
-3562
-5075
3542
1731
523
-8855
-2229
-896
3585
-9888
-2371
-9306
9101
6661
1566
2571
-6928
-6657
2116
3595
-6818
7983
-8862
-2315
-3473
-7925
-1524
6623
-5635
-8664
3437
4962
9674
8824
-3774
8956
9646
3010
9176
-2443
5856
-7941
-7186
-937
-4118
997
-9922
3119
9233
1155
-231
4712
5149
2736
9022
-2277
-1678
4023
-7982
-5614
-9016
-5190
-4851
7143
9797
7685
958
-2754
168
-9911
-4476
-3521
6756
-3515
-1286
-3079
-9108
-1902
-9818
-7934
-5490
-1536
9394
-8529
7682
9642
-5644
586
7677
-469
-1028
-2543
-9224
1808
3380
5432
1923
4629
1727
7046
-1958
8335
-2061
-7920
-65
-2523
4832
4691
2452
-3272
-9923
7582
-3004
-2818
-1387
1710
-6917
7414
2218
9986
-6795
2955
-517
-3026
3805
6884
6794
8874
7352
-8100
-2298
5815
-8790
3751
-530
8287
-4028
9332
-8689
-9798
6922
9021
-6824
7977
-155
2840
2825
4657
9404
-3549
6587
-8212
-8996
3189
-4083
9708
481
-1998
2866
-8112
2434
-1620
-9597
-8631
1977
-6868
-596
-5372
8861
-3320
-6348
-5158
9992
-8796
1854
-1177
7252
-9426
-3033
2031
260
958
9985
7369
740
5916
2522
-6247
-1216
-7452
2860
-7190
-943
-2512
8630
-5520
-3531
-9921
4301
6355
7643
4679
-1525
-3113
180
3245
-2277
1533
9963
-6197
8990
-4267
-2017
-2527
-5413
-3903
5937
-7898
2966
-4677
6914
4886
4031
-1920
-4236
3762
9451
2905
5472
1112
-8539
875
7006
-3276
-1611
2107
5993
3683
-1846
47
8602
9630
9211
-8419
5039
2901
-4417
-4575
-1661
399
5983
-5800
6823
6544
-3426
2870
-9409
44
4421
6411
-4678
-1055
608
2348
5904
2549
9196
-6114
-1208
1272
3328
114
1907
-8798
3068
9095
2647
9534
-6700
6373
-8734
-3552
6256
9595
-6119
-7602
-3071
-7917
3644
8550
9454
-5340
-5867
-8108
7664
4063
-7008
2761
-9242
-3372
-3957
7654
-3521
9996
9298
4771
9080
-9434
210
-170
5748
7266
2926
-5248
8731
3550
-1635
-2295
-7045
3790
6589
3804
2625
-5974
4054
5989
9997
-8175
-9369
5210
1214
4567
143
-5805
8055
-8928
2563
-4136
-1430
5122
1460
4573
-6799
4508
-1601
-2176
-6632
-8111
1934
-3217
1382
-7301
6742
7513
3589
-4352
2399
-6857
624
-6514
-1682
5040
7281
-3114
466
-5317
-9622
5576
2609
-2578
550
9918
-8687
-4359
4316
5500
2292
5309
-5075
-6661
-786
-3170
1606
-4685
-247
8257
-1383
7890
3625
990
7416
3492
-3161
-3934
9824
-784
-5550
-7907
1575
7087
6619
4900
4197
-97
8756
-997
9156
-9007
2115
7029
2844
-2206
-2228
-6384
-1370
-5622
-4034
7661
2777
-3380
2762
3259
-2411
5285
7598
-4916
1181
-7859
-1801
-7118
5187
-855
9102
-4890
-4858
6896
8440
621
559
3654
-985
-5474
-5639
9944
7407
-5686
2957
9549
607
-1380
-8697
4469
-6675
6545
-8046
-3472
4726
-7852
199
-7882
-5845
3437
-7256
4916
9906
-6952
-9088
-1618
-1623
7766
-5070
9871
-1625
-3059
-7878
-9728
9665
4401
6398
-3403
-2062
-1906
7820
-2923
-2477
1658
-6407
-2857
2230
-2779
7298
215
2050
7185
-3180
-5679
729
6972
-1024
4025
-8443
9388
19
-740
683
9793
4266
5554
-7448
9577
-2500
-2125
4369
-3497
-6650
7770
-8215
1402
9442
-8198
-5238
-228
-7065
-566
-748
-1324
8922
5970
4984
3148
2021
-9833
-8566
8931
-2397
1777
8958
-866
-4256
4577
-4411
8267
-3589
-6645
-8123
-2457
-7120
6516
5852
-7062
-9020
-8550
-1504
-7759
-2132
9835
4035
-31
2429
-3599
4633
7335
3401
7497
-1526
4829
6664
3962
7565
-2085
-9592
-4989
-1297
-5580
636
1627
6911
368
-3891
9270
-9936
1871
6188
5932
-5028
-397
7698
-9830
-8477
-1431
9450
-4733
5516
375
-8197
-4270
2087
-792
9624
-2656
-7172
524
-2626
385
-4765
132
1103
-9136
-4059
1831
-3232
-2999
-4784
7283
-1956
-118
9353
1586
-2986
5378
2925
-1534
-7232
-9663
-3045
-946
8542
-8293
-4360
-4117
1357
4734
-6121
5701
-442
436
-7204
-4762
-9480
9937
-5296
-2184
-9990
5501
844
-1883
1818
9919
-1844
7613
3268
8462
-720
3632
3004
5836
-268
4285
-6283
-9743
4478
2725
-8196
-957
-8821
-958
-1506
-9041
-7370
7990
2258
1330
-6389
4966
-6780
-5539
1362
-8836
-2977
-4974
-1551
-6206
-9663
6364
2172
-7787
-111
9080
-6949
-8255
-1144
-6519
-9531
2266
-8217
-9787
-3268
-9453
-9445
1319
1082
7691
4319
4505
-6771
-9846
-7409
-7742
5029
9736
-9524
3936
-3480
-3669
9709
63
-9720
-557
195
-3387
-3124
9508
-7755
-5898
2115
-8475
-211
7314
-9191
-8459
-3210
6990
4992
8060
5340
-76
-5945
5922
-2995
-7034
1999
-3919
454
504
1165
-4834
-1930
2201
1917
-2416
1003
6959
6482
-2798
4451
2837
8713
5622
1677
7916
3753
-7150
-7466
4989
3182
-5162
748
-4789
7229
9491
-3540
-6601
6368
-9470
-521
9070
-8254
4668
6848
-8421
-495
4706
-8347
-4670
-8662
-1071
8094
6015
7668
3585
-1693
7257
-9257
3494
-652
120
-5544
-9211
8236
-7197
-4969
5961
928
3238
8258
-7007
-6559
-6331
1031
-2731
9671
-468
-1582
8556
-7853
5445
7938
-4371
-102
-720
-4829
8738
5725
8641
1586
3765
3991
2962
9657
-4057
-2818
-9841
-8850
6637
9285
-6564
3294
5258
9525
-5513
5768
-6458
-5064
8844
8127
-3790
-1826
269
6288
4056
6933
-8081
700
9867
-2399
-9736
-8698
3523
5656
5198
-3287
2386
3403
-5680
4147
1487
1616
9954
223
8426
1350
8796
-4053
827
-4806
-6705
-9669
-798
-9615
-8535
8417
-7589
-7138
6140
-5586
8695
-4619
285
-1700
1510
4682
-9459
2609
-7954
1174
1893
-6669
3197
-9691
-5534
-707
-3030
5197
-4263
-6815
-9576
5209
9278
-3206
-2563
4804
-1505
-8620
-5056
-2343
-954
-7645
9068
7829
4842
-7210
8244
-4134
-8536
-6360
-929
8765
-7942
6613
-9026
4560
3475
-827
-2242
996
-6843
5237
2079
-101
-469
-567
-3484
4354
6063
-1280
965
-7821
4016
-6580
-3149
-1522
5983
8230
5929
-3477
4246
7182
-3752
8273
8391
851
4346
-284
9919
-2538
1216
-9284
-3301
-4106
-59
-8373
-8763
-5178
-7657
-8216
-8741
1277
1973
4566
-2824
1353
944
-558
5875
-9453
-3122
4560
3465
8334
-8417
9361
-7251
-7090
-1186
5395
8163
8528
3197
4948
-922
2637
6522
103
-858
-4675
7871
-9663
-94
1629
8612
-1067
4291
-7322
-6913
4801
-1525
1549
-7277
-4317
-1487
-677
4205
-8899
2029
759
6973
-8520
-5627
-5180
6575
9899
-2769
4321
4353
9405
7513
-5212
-1941
-7544
-4878
3104
6961
5559
7280
6412
7849
-3081
1918
9958
9076
9292
-9515
5505
-5971
-4166
168
5720
-6483
-3031
7273
-8967
7372
9657
145
-9038
-5147
8206
-3856
9916
-978
-5752
8244
4347
9918
7035
-1479
-5610
-9321
7793
2760
-3477
4517
-4216
3618
6080
4887
570
-1913
-9879
-4528
5299
-6238
-8013
7061
-1307
-5372
309
-134
6254
-7755
-9829
-8766
-742
-2117
-4472
499
-4939
5742
8686
2052
-2526
9256
9901
4784
-2896
3636
9197
3755
7812
-6567
-3746
4256
9098
3742
-2717
5068
874
7260
9028
-7187
-6636
2235
-6621
5387
-6210
-2035
9917
-5064
-9327
9457
-13
-6751
3383
-4252
-6380
-1283
2996
2673
904
-1637
2376
-5598
-2649
2231
7269
6026
8633
806
-352
-2100
-9525
-3979
-4923
3212
-3456
3608
5854
-4524
-8007
-5524
-4655
8682
8796
-7256
2076
7073
-8793
4787
2191
2433
2091
9141
-7
-6409
-7749
9160
5857
4736
2280
-3118
-9448
-9234
-9089
2584
-1143
6863
-9163
-2095
480
-6271
-3668
-575
-6685
-9118
-9676
-9660
-4722
-426
9783
-2996
-554
-9645
-9965
-4041
-1681
-2195
3561
2716
-6801
-7144
-1513
5407
6956
-5212
610
1029
1128
9502
602
3241
-5498
3766
-2646
-2355
-3283
-6145
-2350
9411
3829
-2525
7848
8682
-1370
-6051
2966
8874
6945
-1270
8696
1081
4722
-3399
-8301
8720
-6448
2740
-7291
-5358
8509
5848
-7502
4059
9923
4530
5380
-4046
-3952
9567
-7500
1442
-7348
-4494
6709
-2333
1673
1426
1379
-6227
-1290
4919
-7728
-1229
3205
-5136
2590
-2859
-4670
-7612
-7409
-6893
-6493
8497
5207
-4722
-5848
-2789
728
-8883
-7807
848
-4724
-4917
-3230
-5320
4982
-3398
1798
7772
906
5950
-583
-6928
-7466
3987
379
7542
8289
6665
6614
-9729
1687
261
1171
-1492
2111
-8550
7260
3502
-7100
6199
8943
-3019
-8397
3894
-595
7624
-2353
2336
1238
-4845
579
1463
-9051
-2600
-6929
3443
-3710
-9783
-6698
3567
4728
2304
-4445
550
1481
5987
7679
6232
4077
654
4522
-1151
1657
-4229
-5606
-6527
-993
-1482
-6153
-5686
2250
3969
-7950
-8730
-9508
7858
1696
2406
-9378
-8585
2104
8663
-9553
3633
8584
8839
-7924
-4373
3546
-7942
8191
-7113
-8769
4885
-1890
7303
-3618
4570
509
-6205
7260
-4113
6316
2979
-2793
9476
-1527
4412
9948
9268
-7823
-9964
-4114
-8033
3306
7971
2059
9470
-5632
-2700
3648
5593
-253
-7496
-5853
7128
2451
-9731
6322
-4632
-4485
-7368
-1285
2151
-5388
-247
-225
7286
221
-497
8606
-9407
4093
2735
-8193
9091
-4197
-4246
9770
-5537
6500
-7607
6293
-4310
2816
5281
-8175
-3159
4439
7281
-7336
-2287
8929
9654
-5192
-9838
-4522
-6501
5016
-4661
2454
6279
7968
-2580
-8463
9643
1644
-6787
-3174
7791
-8645
8184
2240
-2268
-4170
5434
4999
8548
-9043
-6494
-9243
-6538
-6364
4777
-4797
7968
9099
7202
-4967
6325
-475
547
-3466
8089
-6376
3444
-7293
6051
8561
-5675
-8742
-1958
-2827
-4195
-7011
1298
2118
7703
-8168
3631
2998
-3144
1926
1246
4426
-5242
-1993
5933
-4990
-2028
6012
-2082
-957
8163
9878
9280
6449
-5356
8918
-5298
-9822
-275
8267
6678
7207
-2229
-786
5543
-1480
1577
4759
-8184
-555
-4679
8164
2892
1369
5134
-1924
-9022
-5601
-4176
-5052
118
9738
-8474
-7862
3561
-4422
-1198
-5211
-1859
6017
3795
-6114
1970
-9118
-8405
-9840
-7241
1096
-4333
587
4417
-3847
-9894
6391
-8321
8322
3598
-1664
-5553
8603
4296
-253
6203
6363
-8456
-1646
6759
-9445
-6634
-6839
-4676
-383
675
448
-9003
-3404
-3567
-3749
4182
-5655
-4979
2767
-1547
7781
7780
-7080
-6007
-8866
-3769
6807
4040
9789
9037
-7137
-7356
6913
5822
-1606
-2060
4782
4078
5284
-4146
-9306
4637
1927
-2144
-9886
7166
-8956
1016
9589
8862
9840
1462
5402
9997
-8049
5823
1637
1698
-9929
-1789
-6023
4473
5915
7439
-3443
8044
1098
166
4870
-6944
-8801
-4397
-2069
723
-9118
-3047
-2230
517
6865
6380
-1180
-4921
1917
-957
-8917
-5488
-3266
5385
-7226
9169
-8834
2797
9033
-5074
-4938
9046
-7085
-8376
9740
6513
-3642
1037
-8214
-6250
-5321
7299
3638
-5118
-9406
-5832
-3593
87
7039
-8995
9635
-6088
-2632
-7630
5019
9762
-1209
7436
1709
-9409
3737
-2856
1936
637
-7479
7219
9815
-5496
-757
2141
9346
-9467
-6633
4713
5588
4307
-2700
-8683
-876
-7553
-9083
367
-7275
2311
-3870
-3840
5497
-6101
-5290
-6715
1546
-6910
-3630
-7438
-4921
-916
-6107
-6282
1008
-7661
9849
1797
-7683
2841
-318
-8018
-2957
-3789
7207
-4010
8453
-4074
-2443
-7199
9854
1550
-1399
5157
7875
-4456
7101
6181
1280
-53
-9264
-941
4634
-2713
-2292
1261
-4974
-8429
-1150
8390
-7414
-2446
-9760
-3652
3600
8568
-7583
6228
7039
-7439
-3175
-4118
-2081
-8628
-5154
9714
-6116
6919
6931
8200
-5176
-6439
6592
7403
4037
-6097
-6557
5073
9214
9222
-3871
-6057
5881
-6428
-5677
4443
7139
3281
359
-3399
769
-2269
1933
2688
-7349
7229
9293
-2086
-6501
510
-7093
3808
8485
-931
-2516
8901
1749
8409
62
7038
-8973
-9314
14
-8250
-1317
-6450
-6052
-2406
-6551
3637
2498
-727
5864
-2385
5433
9839
936
-5741
-8822
-5163
-428
-8306
-4944
5310
9901
-7331
3655
1278
-2752
-4333
6921
-7277
-4911
-4826
-6745
-9752
-5536
3267
573
8118
1966
-2065
-8413
3610
3629
-1816
-6440
-1348
6941
-9832
7144
-1484
3147
-8298
4589
3386
2840
634
4002
4085
-6504
8031
4631
-6486
-1959
-5359
-888
1597
6665
-4629
4658
-6301
727
4281
-9668
8701
999
5244
-9171
-592
-2466
-9437
-9537
8432
7954
5979
4395
258
-4390
-7288
-2375
-815
-2840
6116
420
8044
-4563
-3631
-5969
7692
3457
-7483
3396
-136
-3123
-1957
5967
-6474
-5005
6215
-3249
-8998
-231
-6582
-1689
2144
1131
1129
5847
9568
4718
1957
-443
-8894
7370
8825
8421
-2176
-4203
-7188
8233
-5179
-9243
7128
-4812
-632
-7605
6598
6275
9932
3266
-8759
6829
-4600
4717
361
7690
-5467
4262
9924
-295
-6634
191
-6681
-6502
-7192
8189
-6930
-7640
1352
3783
4938
-9815
-4996
-9689
8164
4589
8552
-5254
-8858
8940
5961
-3098
-3943
-8437
8395
6119
5904
6296
-6177
-4455
-9332
932
2001
6876
-527
9077
-5483
-7401
8951
5124
-5670
9824
6458
4422
-1611
-2373
521
7003
4755
-1175
-6207
1832
-7438
-7420
-2830
-5111
-3215
3510
-8224
-4958
3209
925
-7309
1288
-64
-8749
4251
-9616
3725
-6305
5831
-7091
-7760
4918
4549
9415
6186
-4685
4499
8081
-9814
-3401
-8572
-4978
-6190
-8126
-6008
1516
-265
-7325
6273
-2263
7065
-8001
9470
-9713
-6798
-8563
-900
-6127
7599
6245
-4794
-8842
3296
-9751
355
7482
-9094
7178
-5864
-1591
-5969
-9217
-4456
6823
-5019
7941
-5706
-2370
-777
9437
-7702
164
253
4814
-3158
7654
-7612
-6706
2660
1448
-8955
322
4677
-3490
5289
4337
-9916
6295
-9469
-6335
1351
-7924
5706
-9713
4303
-5727
2798
-4209
-907
-4773
-1533
-2449
-7951
-10
3215
-6426
9237
4695
-4743
4630
-4804
-9805
-1090
-7879
-5379
-4479
1223
9705
-6218
7840
3179
5103
3531
1817
948
7610
6385
526
-3894
9034
-1319
1779
-4362
5658
-4475
-4738
124
6375
5339
-9293
-750
-9371
-2614
-8410
-1756
-2970
-5723
-9145
-5823
-8503
-8151
-9515
-7715
-6317
4329
-6308
8936
-9647
-165
372
5621
6246
-1798
2736
-3713
-2650
-9513
-492
-8537
7601
-2062
-6690
-8824
3644
8640
8419
3005
-7387
-7528
-1837
5677
3736
7374
2960
4867
5073
-1046
7504
-9652
-1820
-8790
-9595
-9457
-6274
9920
9215
-9168
5571
-3456
-3824
5733
-4809
-381
-9931
-761
-8851
9429
-4823
-1824
-98
-5313
4064
3170
-9904
9336
3975
5680
1668
-9052
-8369
-490
292
2849
-5905
-4854
9474
-2345
6059
2967
-8893
-3132
3990
790
9610
-8025
1045
-4653
-4118
-4863
-8190
4058
152
2007
-3608
1283
1869
-5872
3682
-9362
-1910
5289
3464
1657
8590
-900
-689
343
-7500
7639
5988
-9931
-661
7747
3151
-8481
-6197
8141
-8077
868
3716
-2202
-6334
6735
4384
-6102
-4904
-3299
-6320
9421
-4789
2845
2701
-6552
-3141
8830
-646
3421
-193
-6881
7378
-5549
-8048
271
6704
2206
-8177
-8128
7408
3751
-1785
1526
-255
-8790
2475
-2785
-4822
5926
6307
7958
8112
-4356
9812
-8103
1217
-9577
5220
-3554
7075
-5052
-4666
7011
1557
-6946
2469
-489
3464
-8757
207
-5820
-445
3324
-9081
-130
-9818
1405
4137
2567
2927
3953
8397
-587
-8172
-926
-2517
-2381
-6863
3958
7694
6858
8813
-1769
175
-3471
7280
5963
3430
-8678
-8258
8849
5708
-4477
616
-401
-3550
-7224
6439
-1517
1169
9985
-6972
3591
-7492
7385
-9409
486
-5563
3992
2826
8372
-5783
-7820
6102
1648
5176
1284
3643
-8496
-9683
1985
-874
-3245
-6857
2640
-2808
-9526
9201
7769
-9191
5545
-4503
4683
7896
9687
4163
5920
532
8705
-3569
7141
1562
4841
7303
7487
1312
-9738
8180
1745
-2796
4589
9660
4858
-9822
4785
2376
7852
-7878
6804
-5856
-715
-4259
7986
-705
-2901
-3799
-6576
-6003
-8330
1495
-1441
-7473
-3623
9043
-8378
-8966
-8393
1251
9849
4373
453
-1901
-9806
6663
-8281
-7430
-3490
8305
3921
-3658
-1512
5640
5893
648
3117
2639
4730
-3026
-2803
4988
5551
-5381
-5764
-6987
8920
4444
5945
194
-9359
2631
9209
5946
-3260
9007
4730
3779
199
-73
3838
-6278
5865
-2624
-7711
-1980
-2795
1763
-1373
-50
8866
-1171
9719
-7406
-8060
-838
1189
-8866
-6559
-8011
3476
-2722
-1808
2374
-5910
4900
-2356
4142
-5217
-7577
-9031
-9967
6179
-9919
3963
-2397
3220
7871
5409
-9077
2429
6395
1159
5762
9913
-9934
-6269
304
-6585
-5461
-7725
-6400
3203
-8550
473
-6937
-3908
8767
2823
2046
3851
6025
5740
-9750
8967
-4503
6268
4216
-3860
2441
-5914
-9874
-1094
-5572
6104
-7499
-8574
3434
9018
-7882
-3047
-9674
3836
9445
-7198
-5854
968
-524
-3541
-9880
2530
-3227
3917
6187
8503
-8066
159
-1750
-2306
-5716
-9194
2092
7294
8598
9207
1574
-7800
8984
4808
-413
8146
7752
1485
-6577
-2099
4641
-4305
-8316
1167
-3620
-9784
4443
-8634
8484
270
-3385
-2638
-3620
9501
-5622
-998
8697
-941
5238
-1705
3648
-4120
8945
1240
3865
-4440
-3252
1141
9156
-3587
3258
6244
8219
-3670
9936
-3865
-1705
2516
4171
731
9049
6531
5491
-8655
1947
7985
-2879
6025
-8917
-4126
126
4107
2756
-352
9149
-8415
-3779
3680
-6356
664
-535
-4906
-1825
-8320
6375
-5707
-691
-7535
-2487
4728
1693
8678
6313
9655
197
-1990
-9938
8663
-6996
-9532
6535
7416
5222
-4479
-5333
-4616
6722
9234
-4089
5358
4990
-4669
-2075
7930
-7462
-8447
5782
2672
6300
-2355
-6325
7934
-1245
-2429
8576
-3845
-8634
-5016
8459
6443
1089
8626
-3857
-8811
4071
-5430
5620
-6521
-9808
352
2394
120
519
-4179
-7040
5559
5913
2669
-1816
3811
-935
-4598
7003
5821
-2618
338
-3714
1418
5391
-5120
-7364
-850
8543
-6245
-1665
9432
-8286
2354
4674
-8179
-7664
2480
-9641
9592
2342
2782
3267
-8275
5848
908
265
7346
2729
-2454
3658
-8435
7438
-2147
-1216
3678
5864
-6295
9345
5262
-2043
8039
3986
-5237
-9926
-4219
-2887
-1198
-5964
-2595
7477
5242
2849
-6188
641
-5777
1372
-3486
6687
-2253
5093
-8903
-6463
-1470
500
-8351
1352
-9320
-3414
-3194
3755
4186
7359
-7901
-2986
-9399
-6785
-8648
-4218
-802
4087
1417
73
-5214
-5226
7213
-6852
6327
-5026
940
-3910
-650
3072
7853
-1545
8238
-5178
-2590
6254
2890
-8283
241
8707
4420
-3683
7344
8940
5041
-9233
-6825
2358
-2311
-1998
9386
-1299
2052
3651
1650
-2536
-2993
4675
-4388
7632
5047
-5719
8609
9191
8459
6855
-1618
4344
-6098
-7523
-690
-125
-8842
2194
5577
1444
-9280
4033
1270
-5381
-7835
5943
-6040
4150
-9274
-8958
8585
-1861
7036
7865
7425
7681
7762
-4337
-7782
1284
-3125
7009
-3733
7660
-8428
-9018
-8111
9699
2447
2128
-1275
-6638
-9418
-4778
7952
-2335
-5948
-5570
-77
-9828
1977
-2433
-4897
-1754
2516
-957
4576
85
9969
4067
-2080
5597
-7610
5717
3879
-771
-7232
565
2500
-2830
-4422
2583
-9943
3679
-2334
-3700
-7278
-6387
-3667
5536
-8369
6887
-2154
9552
-5206
-3296
2891
-9569
-7136
-1831
7237
2345
184
-7842
-8216
-424
-9772
-1091
-8363
6641
-1457
-9888
4699
317
2751
-245
6092
-5402
-2506
-1243
-7747
4442
-1998
1621
3034
-4493
-1909
-4848
-4589
8276
3046
-9994
6753
3507
-8569
-3326
7440
1300
-6194
-7814
-2258
7906
-709
7040
3379
-4047
5778
2473
-4387
9207
-3575
8898
8697
-1866
7962
4168
3820
1547
2983
-6726
-9504
5365
-2252
-1518
-598
5076
8856
-6484
-2431
4998
-5428
1249
6118
-1110
-2799
6632
8381
-3297
-4853
-1781
-8212
-4615
1501
-8974
-533
-9269
5486
8578
-7790
4654
-7002
4031
7760
-3910
7641
3341
2867
9102
802
-8536
2451
-3198
6242
8325
-8659
9642
2204
-1927
-4584
-4052
9915
3326
-9262
-5373
1525
5874
9245
4969
1144
3737
4099
-5398
4891
1057
-1603
-8844
6771
5986
7326
-2150
-8373
9177
3588
-1529
-7526
-6788
9306
9486
9676
-6135
-2439
-6308
1038
4157
-8587
8092
1156
8039
-8355
3415
-1970
464
7300
9617
8994
185
5325
595
4234
7126
3514
5447
-2567
171
-5055
-4761
-2574
8018
-3360
5078
-7660
7118
2979
3356
8492
9891
-110
-3160
9498
6280
-7645
-832
1856
-7080
6916
1678
-6294
-5278
2191
2713
8006
-220
-4475
-2963
2797
-1018
7896
6176
2317
-5376
-6511
1027
8633
66
-7359
-4328
-1513
-8785
-5756
2199
-4287
-3477
-4292
6834
8742
9032
-2074
1095
-5172
1900
-5825
-8903
-8705
-3387
1447
-6304
-630
7206
2546
5955
7514
9514
-3273
8646
-9478
-3122
6886
-649
6216
-8301
7144
1898
-9467
-2870
4565
9599
4847
6992
-1907
7259
462
2771
9779
-2888
-2580
-7342
6470
6042
6891
-204
-193
3543
2502
-3855
-3612
-8709
-7468
7824
9599
-8555
-2192
-5815
8046
-6692
-4438
-5809
-42
-579
-7456
-273
-47
-9984
2715
7888
-4058
955
-1397
8650
8998
-2350
6957
-6605
4004
-611
1780
3911
-9400
3372
2403
2038
3410
3814
2070
-8795
-3339
819
5790
-1048
-8703
-4705
-1471
-6413
445
4086
2754
4891
-6352
6148
-7254
-7759
1670
-7398
3378
6900
-1672
7524
-9357
5183
-6711
3401
-1966
-6280
-5531
-8542
6424
9198
-6202
6413
-2681
-8125
-3620
-8758
8311
7417
5309
2535
-5655
6804
-1975
3997
-9285
-5307
-8218
4814
6812
-9697
-6677
-8212
2965
306
-6826
-2196
-9941
8423
-5097
9691
4691
5409
1508
2502
7175
4402
3264
6921
-2805
-8739
5599
1759
1835
5689
-4536
-6697
8734
7581
7480
-1714
-45
-4767
-6239
7234
1779
-7851
-8448
-5027
6111
-3630
373
6737
-2705
-8315
-7772
-8258
6701
-7095
4628
6027
9678
-2223
-3582
8460
-6590
-2952
3729
-2568
-1923
-6906
9257
-2196
-5711
5077
197
-4723
2146
4275
3029
5454
6092
5033
-2335
1035
-1907
-598
7297
875
4189
-9491
-2259
498
-7220
7993
8510
-1709
5537
8347
7572
2660
-4220
-3138
-1002
-1450
9697
2243
1801
-4756
9187
-3338
-7490
4803
9077
-2162
-8847
9669
-9578
786
-1289
4624
2979
-2771
-4887
-4948
-9034
-7124
2894
5339
-8101
1936
3692
5561
1884
3297
1584
-1630
-570
1066
3408
6139
3060
-9036
-4118
7248
6186
7157
-1139
3860
7604
-9646
-9855
1569
5107
8130
-2035
-1294
-9825
8613
-9098
6885
4793
-3424
-3120
-9132
-1767
6505
-3127
5905
80
-7089
1193
9395
-5287
183
7298
-6346
9017
6693
-3029
3975
-3953
2636
-382
-6234
-7803
5429
-5471
-6397
-3778
-8159
-5540
-2801
-1884
-9391
-9429
-703
4447
-8094
7030
-8059
-9268
3801
1839
5062
-9785
8395
-12
-9690
-9343
-7067
-9981
-6094
8936
-9359
-106
-6012
2049
4529
52
-8071
-3646
6162
-5567
-3428
7486
9941
-6275
2667
695
4372
7428
-1829
-8120
6656
4895
1306
-9774
5952
3153
-38
-1063
-583
-865
-9126
-5160
-5009
-3853
7252
-7185
-8540
4824
-8768
-6720
-3657
3433
-4064
7880
3072
5989
5609
3708
612
-4339
1781
-7708
-9046
3508
5494
1266
-7942
-4682
-9
8205
2422
-1553
7557
-9657
1282
-2346
1626
7548
103
1053
8230
3131
9727
4823
4182
9950
-5438
3447
7705
-2086
-526
-8179
-2460
5222
8080
-4642
-3071
464
-3084
-4228
-4351
1832
-2674
-8885
-4710
-7856
3199
2821
2579
3178
-1250
-4149
-1007
4861
-7457
9044
-7898
7628
-5786
-6894
-9673
-4295
3951
6514
-9845
-3448
5676
543
-5611
-4801
-7557
1721
156
5535
-7717
-7855
-2192
-2738
-9201
-736
-3648
-2206
-2483
-75
-7116
3880
-9993
-274
8003
2063
5521
1072
-9104
-9948
-9177
8267
9491
6695
-3500
347
2523
2169
-7518
-640
357
-6720
1620
8690
357
7993
9671
2769
-2890
7298
-9539
-748
-4429
-6051
1787
2719
6615
916
-1400
-6755
2517
-7537
-1358
3667
968
4681
9326
7817
-3540
8236
-4076
7596
-2352
10000
-7667
1227
-7098
-1162
6517
-2942
3093
3792
-4508
6237
-9091
-1566
-2255
-9263
-332
-2062
7954
-2405
-5625
8378
5893
164
5497
2221
7283
5620
8762
5099
5643
-9055
8586
4105
-7024
-3581
5072
-2669
-3502
1437
-3523
190
3590
7660
-8819
-2989
-419
1823
1824
-9581
9777
8011
-279
4286
-7497
-56
9529
3876
5121
-396
-7084
8865
-2435
-1745
-3813
8788
4144
6772
6767
-1902
3294
2963
7347
8972
7703
-4591
-8883
8084
8962
3075
1063
-1667
4692
-9978
898
1823
-7241
-5500
4836
4224
2691
-339
6200
-7519
-5632
3263
3006
987
703
1022
-8427
2447
-7886
-7286
2342
2949
9330
-5058
-6042
9884
-6074
2318
-88
-9808
-1500
5954
6032
-578
-1661
8560
-7177
-9787
7646
7689
-4563
-4843
518
7003
-9333
3076
-365
-2826
-9575
4905
-1352
-1443
-5407
1315
-9028
-5857
-9581
-756
7086
-3371
-5988
9370
6462
1030
-413
-4504
-6424
3374
2978
-9376
-6080
7494
-6402
7324
-5946
9702
-7878
2461
-4614
-196
-3528
-7124
-4921
2889
-8216
3229
-7420
-6436
-5411
6998
4015
8004
-2090
-9602
-4160
9206
-3972
-2363
-8522
-43
3048
-812
-5060
-5374
-3351
7331
-8654
7639
4621
6746
2346
821
-798
792
-2350
7156
-3630
-3666
